tree
version=v4
num_class=1
num_tree_per_iteration=1
label_index=0
max_feature_idx=38
objective=regression
feature_names=NO2_cmaq O3_cmaq hour dayofweek month NO2_cmaq_lag3 NO2_cmaq_lag6 NO2_cmaq_lag12 NO2_cmaq_lag24 NO2_cmaq_lag48 NO2_cmaq_lag72 NO_cmaq_lag3 NO_cmaq_lag6 NO_cmaq_lag12 NO_cmaq_lag24 NO_cmaq_lag48 NO_cmaq_lag72 O3_cmaq_lag3 O3_cmaq_lag6 O3_cmaq_lag12 O3_cmaq_lag24 O3_cmaq_lag48 O3_cmaq_lag72 NO_cmaq_roll3_mean NO_cmaq_roll3_std NO_cmaq_roll6_mean NO_cmaq_roll6_std NO_cmaq_roll12_mean NO_cmaq_roll12_std NO_cmaq_roll24_mean NO_cmaq_roll24_std NO_cmaq_roll48_mean NO_cmaq_roll48_std NO_cmaq_roll72_mean NO_cmaq_roll72_std station_emb_0 station_emb_1 station_emb_2 station_emb_3
feature_infos=[0.155364:79.970357297599989] [29.334975813:212.36742982000001] [0:23] [0:6] [1:9] [0.155364:79.970357297599989] [0.155364:79.970357297599989] [0.155364:79.970357297599989] [0.155364:79.970357297599989] [0.155364:79.970357297599989] [0.155364:79.970357297599989] [0.0030060466260201139:1.0746009049855836] [0.0030060466260201139:1.0746009049855836] [0.0030060466260201139:1.0746009049855836] [0.0030060466260201139:1.0746009049855836] [0.0030060466260201139:1.0746009049855836] [0.0030060466260201139:1.0746009049855836] [29.334975813:212.36742982000001] [29.334975813:212.36742982000001] [29.334975813:212.36742982000001] [29.334975813:212.36742982000001] [30.011780915999999:212.36742982000001] [30.011780915999999:212.36742982000001] [0.0030060466260201139:1.0746009049855836] [0:0.50505582399904114] [0.0030060466260201139:1.0746009049855836] [0:0.47913802481103018] [0.0031014631968616807:1.0746009049855836] [0:0.45684018174234414] [0.0031491714822824909:1.0746009049855836] [0:0.41010758195688651] [0.01088291252853167:0.90375926498969672] [2.8199173786061973e-05:0.38123002746480505] [0.018320203921455586:0.76676787507295474] [0.00075668645943267041:0.35285362142624205] [-0.72265535593032837:1.9865289926528931] [-1.4085162878036499:1.2916492223739624] [-2.038433313369751:1.0195598602294922] [-1.9552310705184937:0.22807519137859344]
tree_sizes=5446 5737 5714 5747 5719 5737 5746 5737 5741 5746 5770 5745 5758 5789 5789

Tree=0
num_leaves=63
num_cat=0
split_feature=4 12 33 36 34 16 4 16 16 11 38 37 12 3 37 16 14 37 12 3 4 14 3 14 14 35 16 34 4 30 30 11 33 7 29 4 15 12 15 30 12 14 16 16 15 16 3 34 16 14 11 38 34 12 12 12 15 32 3 34 32 30
split_gain=144.827 29.3858 18.5192 10.083 8.95344 6.70763 6.17219 9.30149 8.97918 5.69389 5.98847 6.84142 4.41767 4.29205 4.16626 3.3166 3.67243 3.1896 3.37948 3.01421 3.99084 2.92081 8.61586 2.84834 3.39849 3.17114 3.35556 2.79621 2.69317 3.58775 2.68 4.71014 3.19292 2.95528 2.4316 2.23439 2.22585 2.06219 1.94128 1.93586 1.90355 1.82058 1.80643 1.75689 1.72108 1.67606 1.64905 1.61931 1.55072 1.90524 1.54371 1.52595 1.50691 1.47724 2.32148 1.46266 1.45967 1.44002 1.43046 1.51025 1.53038 1.4533
threshold=4.5000000000000009 0.35451846769643164 0.71685564570822835 -0.86584007740020741 0.21240085450225857 0.51571677180167497 6.5000000000000009 0.41465208871679066 0.08038751980250726 0.039149534310845342 0.16104960814118388 0.42897074669599539 0.21773352075866123 1.5000000000000002 -0.80224061012268055 0.44111342400370207 0.058019920266859863 -0.80224061012268055 0.7773779336779697 5.5000000000000009 3.5000000000000004 0.48256701367980909 1.0000000180025095e-35 0.042619624866185236 0.26376827708135725 1.5211035013198855 0.59428676158747329 0.082840622750166057 5.5000000000000009 0.086914011245155867 0.089699015858935541 0.5143790568690193 0.32654421360290714 5.215296416000001 0.078743356414219576 5.5000000000000009 0.3745619163194796 0.30046577232921451 0.25227505549897744 0.0026059576222455913 0.28400852759230882 0.27195849775880027 0.03869925387940875 0.11026515779199934 0.049392461471823405 0.4005030014178827 1.5000000000000002 0.12427188800614872 0.045289682453118915 0.10336867066967481 0.55417936753371666 0.16104960814118388 0.11359186148694948 0.17141602778419843 0.19067219294116322 0.30046577232921451 0.42856248038810546 0.038037715938929233 3.5000000000000004 0.015137417349286628 0.010306006730258411 0.027400452901726612
decision_type=2 2 2 2 2 2 2 2 2 2 2 2 2 2 2 2 2 2 2 2 2 2 2 2 2 2 2 2 2 2 2 2 2 2 2 2 2 2 2 2 2 2 2 2 2 2 2 2 2 2 2 2 2 2 2 2 2 2 2 2 2 2
left_child=3 9 4 5 6 -1 7 8 36 -2 11 12 47 -10 -9 16 -12 -6 50 21 34 42 -23 -13 25 26 39 38 -16 -30 31 32 52 56 -21 -15 -3 45 -8 -25 57 48 -5 -22 -36 53 -4 -11 -14 -50 -19 -44 -29 -18 -55 -27 -33 -41 59 60 -53 -60
right_child=1 2 46 19 17 -7 27 14 13 10 15 23 41 35 28 -17 37 18 -20 20 43 22 -24 24 -26 55 -28 30 29 -31 -32 33 -34 -35 44 -37 -38 -39 -40 40 -42 -43 51 -45 -46 -47 -48 -49 49 -51 -52 58 -54 54 -56 -57 -58 -59 61 -61 -62 -63
leaf_value=0.19832043166301047 0.19522223443623771 0.21610262386474621 0.23745639951173544 0.19295755397406808 0.20085876615821283 0.216232589286427 0.21351643727518263 0.20032790930574609 0.21058328459717221 0.20019583571286131 0.19689328419169055 0.19539644358359598 0.21415440421407256 0.1990838548080465 0.20074208549581113 0.20176829535941079 0.2129483740923461 0.2132192331460607 0.20683890151169868 0.19341961765995785 0.2055487814405704 0.22123529562725688 0.19212581128762346 0.20299143592176633 0.20206762920898422 0.20338143018799232 0.20060808328296673 0.22001883509643921 0.21493664272200716 0.22700746209356254 0.20260274345383533 0.21319734790719688 0.20132489475298815 0.22059462677442057 0.19514961807533934 0.20506960752165451 0.23285282787691977 0.20218345680079447 0.19713538349293211 0.20969664314823028 0.2008077801724632 0.20071433789464413 0.19424931531962128 0.19798062707292247 0.20257678054702041 0.22088976708598079 0.22241329758849537 0.19731319063822797 0.19758695632929224 0.20484992402464244 0.22310466737995746 0.1954351991219945 0.2075996059181347 0.19849397754621817 0.21014168636527858 0.21282175460594943 0.20210398781470598 0.216527285788987 0.19717256169048855 0.19498725588945018 0.20840416508049245 0.20893987426976232
leaf_weight=1627 293 68 49 2249 33 54 20 36 244 2404 64 88 39 249 20 294 209 54 59 599 158 39 73 61 791 608 91 33 153 103 611 69 291 85 156 417 28 81 189 129 31 539 3822 149 156 38 29 611 103 732 147 46 94 58 163 44 52 192 65 676 45 44
leaf_count=1627 293 68 49 2249 33 54 20 36 244 2404 64 88 39 249 20 294 209 54 59 599 158 39 73 61 791 608 91 33 153 103 611 69 291 85 156 417 28 81 189 129 31 539 3822 149 156 38 29 611 103 732 147 46 94 58 163 44 52 192 65 676 45 44
internal_value=0.199404 0.203726 0.207805 0.195365 0.207191 0.198896 0.20631 0.208784 0.206444 0.202058 0.20233 0.201796 0.200693 0.20491 0.216326 0.206134 0.208228 0.215502 0.21736 0.194648 0.196945 0.194252 0.202262 0.204195 0.204593 0.206321 0.2093 0.204051 0.218413 0.219793 0.204957 0.207261 0.204212 0.213449 0.195284 0.202832 0.220988 0.209549 0.198703 0.211215 0.21264 0.203 0.194123 0.201876 0.198863 0.210824 0.231863 0.199612 0.204409 0.203954 0.220449 0.194681 0.210827 0.209935 0.207085 0.204019 0.20843 0.213782 0.196563 0.195801 0.201848 0.201923
internal_weight=20754 10796 3133 9958 3055 1681 2762 1318 1006 7663 7370 6463 4428 910 312 907 613 293 260 8277 1218 7059 112 2035 1947 1156 504 1444 276 256 1235 624 418 206 911 666 96 549 209 413 352 1413 6947 307 312 468 78 3015 874 835 201 4698 127 430 221 652 121 321 876 767 91 109
internal_count=20754 10796 3133 9958 3055 1681 2762 1318 1006 7663 7370 6463 4428 910 312 907 613 293 260 8277 1218 7059 112 2035 1947 1156 504 1444 276 256 1235 624 418 206 911 666 96 549 209 413 352 1413 6947 307 312 468 78 3015 874 835 201 4698 127 430 221 652 121 321 876 767 91 109
is_linear=0
shrinkage=1


Tree=1
num_leaves=63
num_cat=0
split_feature=4 23 33 37 38 16 23 16 4 16 15 14 12 37 38 31 16 3 16 23 33 4 38 14 32 30 23 3 14 23 25 4 15 32 15 32 14 14 3 33 16 5 31 12 38 37 33 23 14 3 15 4 23 3 23 3 23 37 3 30 3 15
split_gain=130.728 27.5499 16.7335 6.75547 10.0054 8.0335 5.68268 5.58505 5.24426 8.66269 6.17552 5.2378 4.63829 3.33132 4.0552 3.3229 4.61986 3.78493 3.28263 3.04986 2.96922 2.74867 5.8164 2.5346 2.47819 2.36126 2.27503 2.18158 6.74457 2.10606 2.09363 2.05857 2.04815 1.94546 4.46923 1.92274 1.82371 1.87636 1.80475 1.80497 1.80081 1.72811 1.67176 1.66959 1.60137 2.07148 1.56018 1.53196 1.52299 1.51399 1.6665 1.50667 3.06788 1.50944 1.48735 1.41672 1.41235 1.39382 1.74382 1.39038 2.19655 1.61258
threshold=4.5000000000000009 0.35821161286306646 0.71685564570822835 -0.80224061012268055 -0.8462354689836501 0.097568654307503236 0.11711141327575117 0.051340981272211185 6.5000000000000009 0.41465208871679066 0.35145375031413822 0.59771640890474298 0.56251011605964329 0.42897074669599539 1.0000000180025095e-35 0.08097570752071355 0.51571677180167497 5.5000000000000009 0.045289682453118915 0.11853795674559091 0.28744630622880346 6.5000000000000009 0.16104960814118388 0.5117807991112705 0.11058080697910656 0.035642032091891047 0.48555850648790416 1.0000000180025095e-35 0.48256701367980909 0.48065253593188279 0.47405824477629516 7.5000000000000009 0.32208677022401727 0.079738894177850808 0.20981551720741584 0.047857024587696494 0.24402737869083305 0.18701915211031764 1.5000000000000002 0.3813808734534983 0.6682364455844646 5.9093121120000012 0.11369576420260707 0.22275321064004944 -0.8462354689836501 0.84229862689971935 0.30432459377344739 0.45958520850535123 0.16298680782263783 2.5000000000000004 0.052626903808505827 3.5000000000000004 0.038447404777938107 5.5000000000000009 0.17446635944404901 1.0000000180025095e-35 0.12781586202957126 -0.80224061012268055 1.5000000000000002 0.063878683263627847 1.0000000180025095e-35 0.49359785330933165
decision_type=2 2 2 2 2 2 2 2 2 2 2 2 2 2 2 2 2 2 2 2 2 2 2 2 2 2 2 2 2 2 2 2 2 2 2 2 2 2 2 2 2 2 2 2 2 2 2 2 2 2 2 2 2 2 2 2 2 2 2 2 2 2
left_child=7 6 3 30 26 31 21 29 9 46 12 25 38 14 18 -9 17 27 -8 -15 57 33 -23 -22 -13 -11 47 28 56 51 35 -6 54 34 49 -3 37 48 -10 -40 -18 -33 -36 -20 45 -29 -7 -5 -21 50 -2 -1 53 -53 -19 -4 -17 -16 -59 -38 -61 -62
right_child=1 2 55 4 5 8 13 15 10 11 -12 24 -14 19 20 16 40 32 43 36 23 22 -24 -25 -26 -27 -28 44 -30 -31 -32 41 -34 -35 42 -37 59 -39 39 -41 -42 -43 -44 -45 -46 -47 -48 -49 -50 -51 -52 52 -54 -55 -56 -57 -58 58 -60 60 61 -63
leaf_value=-0.0062978082620294921 0.004440684977059503 0.014000562098226511 0.036309730344348486 0.0044499773738732309 0.024973196181078516 0.015316698772039672 0.012987424233774018 -0.0046054566550172661 0.0016583690270116286 0.012235646881163121 0.0025048638239858743 0.022320112609304488 0.017217802153216246 0.018829157865510732 0.0047472893184906731 -0.0035458353331907552 0.018779901962946446 0.0012523265528738843 -0.00080418928647450609 0.0057501404972075008 0.00056019856592570726 0.0008062740766752671 0.014512843656611729 0.0069835193063586187 0.0057491011370055297 0.025270090285091768 -0.0002834654592056705 -0.0015119678482267836 0.020486743168698418 0.0049978005173413652 -0.0013031141518408226 0.022836287599056961 -0.0037623068992979829 -0.0051916017062898917 -0.0027798795141279701 0.0034327896582281702 0.00080124195501460284 0.010321864517913623 0.0069259187020569313 0.019299293342046442 0.0026230974921158385 0.0027402240782976152 0.013585759069718107 0.0022205546275578369 -0.0051508376705887903 -0.0069416781998999106 0.0055824475285555257 0.012945416270846839 -0.0029689911096024198 -0.0045692972637686995 -0.0023128888518244152 -0.00079715133660697738 -0.0053909262489151011 0.0098245497396651747 0.0080669171678332176 0.022786515074617722 0.0019985427041396952 0.002372938913004604 0.011577024420394618 0.014399163639690314 0.001685428491625323 0.0093995109660964873
leaf_weight=2930 146 49 45 408 111 48 53 2478 105 43 424 30 177 39 703 378 34 348 1172 474 723 1147 83 195 91 181 259 922 36 46 225 20 160 295 20 354 377 220 112 40 35 23 71 747 1225 217 289 61 56 287 244 116 663 47 104 34 165 71 187 54 274 90
leaf_count=2930 146 49 45 408 111 48 53 2478 105 43 424 30 177 39 703 378 34 348 1172 474 723 1147 83 195 91 181 259 922 36 46 225 20 160 295 20 354 377 220 112 40 35 23 71 747 1225 217 289 61 56 287 244 116 663 47 104 34 165 71 187 54 274 90
internal_value=-0.000304536 0.00381196 0.00777024 0.00718177 0.00838 0.0104867 0.00220929 -0.00413166 0.00939788 0.0126706 0.00679652 0.01824 0.0109893 0.00308996 0.00229606 -0.00319443 -0.0022296 -0.00247831 0.000712261 0.0050201 0.00395824 0.000121866 0.00173119 0.00192463 0.00985762 0.0227679 0.00347781 -0.00322229 -0.000471578 -0.00563587 0.00256056 0.0213752 0.00109935 -0.00174029 -0.000414586 0.0047177 0.00467152 0.00644015 0.00669962 0.0101821 0.0105844 0.0120872 0.00998892 0.000373238 -0.003896 -0.00254643 0.00696893 0.00555493 0.00482887 -0.00181299 0.000215372 -0.0057661 -0.00388002 0.00226555 0.00282029 0.0304896 -0.00186108 0.00590086 0.00904412 0.003003 0.0049888 0.00359276
internal_weight=20761 10857 3129 3050 2422 1694 7728 9904 1540 682 858 345 434 5435 3851 6102 3624 3555 1972 1584 1879 2293 1230 918 121 224 728 2943 579 3802 628 154 612 1063 768 403 1545 750 257 152 69 43 91 1919 2364 1139 337 469 530 677 390 3756 826 163 452 79 543 961 258 795 418 364
internal_count=20761 10857 3129 3050 2422 1694 7728 9904 1540 682 858 345 434 5435 3851 6102 3624 3555 1972 1584 1879 2293 1230 918 121 224 728 2943 579 3802 628 154 612 1063 768 403 1545 750 257 152 69 43 91 1919 2364 1139 337 469 530 677 390 3756 826 163 452 79 543 961 258 795 418 364
is_linear=0
shrinkage=0.05


Tree=2
num_leaves=63
num_cat=0
split_feature=4 23 33 36 34 4 3 16 11 38 37 16 37 33 12 16 34 3 3 4 3 28 32 34 12 36 15 12 4 14 4 33 33 14 3 32 16 4 12 16 36 23 30 30 23 16 3 4 3 15 2 16 34 33 16 11 3 16 16 14 23 17
split_gain=118.85 25.2613 12.8264 8.32155 8.27422 5.48076 6.59543 6.35749 4.83615 4.81736 5.39937 4.81333 3.93619 3.92005 3.79974 3.52581 3.12506 3.39681 2.51961 3.7767 2.46599 4.96751 3.64378 3.51188 2.48339 2.30528 2.17117 2.73614 2.13778 2.44996 2.81972 2.07155 3.0981 2.07049 7.31581 2.06034 1.92421 1.87078 2.39816 1.84432 2.33833 1.83267 1.68762 1.67088 1.61459 1.60382 1.59584 1.95754 2.00362 1.66886 1.57932 1.52322 1.4779 1.43642 1.69407 1.43954 1.30359 1.28165 1.27732 1.35439 1.27518 1.25271
threshold=4.5000000000000009 0.35821161286306646 0.71685564570822835 -0.86584007740020741 0.20837792368584598 6.5000000000000009 1.0000000180025095e-35 0.41465208871679066 0.039149534310845342 0.16104960814118388 0.42897074669599539 0.51571677180167497 -0.80224061012268055 0.21559231590416308 0.21773352075866123 0.08038751980250726 0.097215118211889343 5.5000000000000009 5.5000000000000009 3.5000000000000004 2.5000000000000004 0.093134392040026145 0.11980805441792411 0.12914980227176448 0.58810826462300447 -0.86584007740020741 0.080728501549434117 0.84739672038450842 5.5000000000000009 0.24402737869083305 6.5000000000000009 0.26308376632292191 0.1551615964209436 0.48256701367980909 1.0000000180025095e-35 0.039863757183874152 0.51571677180167497 7.5000000000000009 0.14606115138437284 0.59428676158747329 -0.25348418205976481 0.48065253593188279 0.077448265386407686 0.0026059576222455913 0.095373364872453154 0.11026515779199934 1.0000000180025095e-35 8.5000000000000018 5.5000000000000009 0.30674326128318369 5.5000000000000009 0.03869925387940875 0.099322780027025229 0.44494696778400183 0.55135247818940292 0.52199122419156663 1.5000000000000002 0.064301107322091586 0.045289682453118915 0.14566829048213084 0.39045962351240332 47.807749034500006
decision_type=2 2 2 2 2 2 2 2 2 2 2 2 2 2 2 2 2 2 2 2 2 2 2 2 2 2 2 2 2 2 2 2 2 2 2 2 2 2 2 2 2 2 2 2 2 2 2 2 2 2 2 2 2 2 2 2 2 2 2 2 2 2
left_child=3 8 4 11 5 6 15 13 -2 10 14 -1 -9 -8 52 -3 35 37 33 41 23 22 50 -7 42 -15 -6 -28 31 39 -31 32 -12 51 -35 57 -17 -18 -39 40 43 -20 -25 -30 -42 -21 -32 48 -48 -49 61 -5 -10 -14 55 -55 -4 -11 59 -16 -52 -22
right_child=1 2 56 18 26 20 7 12 9 16 28 -13 53 25 58 36 17 -19 19 45 21 -23 -24 24 -26 -27 27 -29 29 30 46 -33 -34 34 -36 -37 -38 38 -40 -41 44 -43 -44 -45 -46 -47 47 49 -50 -51 60 -53 -54 54 -56 -57 -58 -59 -60 -61 -62 -63
leaf_value=-0.0012088586410056699 -0.0041894157417907809 0.030405073862120109 0.03412549359103044 -0.0061370417802731527 0.0034711983712622896 -0.00069854651981146598 0.017872769690672252 0.00031781872344571489 0.00053422807954050903 -0.0051333819393767043 0.00016564664513559271 0.014389303735658235 0.024242555004928043 -0.0027830048604349121 0.01760914805228822 0.011381926315446054 -0.0019426311870726449 0.010654157286509872 -0.0045145985146119198 0.0058573689948343026 0.016620873119690158 0.00055978750123607593 0.0054058174669565995 0.0063538799030637381 0.011327087015524741 0.0049440573442838471 0.018141089061715458 0.0053839193839652875 0.00076787104049036588 0.0080192754134049068 0.0086247138280962279 -0.003615923555212488 0.0090209176638882446 0.019365272613672112 -0.0068895927484495098 0.015460663554396962 0.026330411672592164 0.013859964685760579 0.0015392255242313109 -0.00050112356493870424 -0.0012794538131048385 0.0076681630336679525 0.00014516209152693943 0.013173907198900476 0.0069041515215035728 -0.0014922194794884751 -0.0028405441242661438 -0.001574581429362297 0.0057072250865573106 0.01514803982667021 0.012047278927730077 -0.0045524167116805774 -0.0019801117619419537 0.011532872932730243 0.0057360115274786953 0.023382332040504977 0.020197568966874056 0.0080559448053252932 0.0026602434951537978 0.002318861841091088 0.024903176359610722 0.00011084347963333131
leaf_weight=1636 295 37 42 2247 40 455 53 43 2238 20 293 51 51 113 30 155 219 125 874 158 27 179 133 231 128 662 239 51 31 199 62 152 149 39 83 101 25 53 155 75 72 32 208 218 370 140 338 25 86 37 28 4665 791 48 40 55 28 233 1446 28 62 20
leaf_count=1636 295 37 42 2247 40 455 53 43 2238 20 293 51 51 113 30 155 219 125 874 158 27 179 133 231 128 662 239 51 31 199 62 152 149 39 83 101 25 53 155 75 72 32 208 218 370 140 338 25 86 37 28 4665 791 48 40 55 28 233 1446 28 62 20
internal_value=-0.000292152 0.00361073 0.00739032 -0.00393665 0.00690978 0.00601297 0.00840271 0.00678387 0.0020909 0.00233642 0.00186976 -0.000737308 0.0140046 0.00471708 0.000897694 0.0163477 0.0057565 0.00340488 -0.00459181 -0.00247826 0.00393028 0.00701888 0.011301 0.00257335 0.00519895 0.0038174 0.0143914 0.0158976 0.00396107 0.00495899 0.00292155 0.00141924 0.00315079 -0.00495359 0.00150336 0.00942343 0.0134581 0.00128272 0.00467864 0.00694588 0.00775417 -0.0040843 0.00341216 0.0116294 0.00557108 0.00240454 0.00107037 0.000106647 -0.0011068 0.00840505 0.0170241 -0.00506756 -0.000122372 0.0170382 0.0144689 0.0178603 0.0285543 0.00701331 0.00295207 0.0102276 0.0209036 0.00959533
internal_weight=20919 10994 3153 9925 3083 2753 1282 1065 7841 7546 6640 1687 237 828 4533 217 906 552 8238 1204 1471 449 270 1022 567 775 330 290 2107 1513 747 594 442 7034 122 354 180 427 208 766 691 906 439 249 442 298 548 486 424 62 137 6912 3029 194 143 103 70 253 1504 58 90 47
internal_count=20919 10994 3153 9925 3083 2753 1282 1065 7841 7546 6640 1687 237 828 4533 217 906 552 8238 1204 1471 449 270 1022 567 775 330 290 2107 1513 747 594 442 7034 122 354 180 427 208 766 691 906 439 249 442 298 548 486 424 62 137 6912 3029 194 143 103 70 253 1504 58 90 47
is_linear=0
shrinkage=0.05


Tree=3
num_leaves=63
num_cat=0
split_feature=4 12 15 36 16 23 3 37 35 16 14 4 15 12 34 15 4 16 16 30 4 37 3 4 3 38 16 37 16 3 25 25 14 3 12 23 36 32 3 23 3 15 37 4 3 15 1 14 16 14 34 16 4 16 15 30 32 16 37 32 38 15
split_gain=108.066 22.3135 9.38163 7.31362 6.10571 4.81213 4.77263 4.71057 7.57389 4.63194 4.4493 4.94366 3.54295 3.23008 3.10525 4.27202 3.66489 2.59723 4.10633 2.55438 2.54311 2.75317 2.4483 3.09927 2.3319 2.25432 3.22967 2.72125 2.27755 1.91182 2.36387 1.862 1.81568 6.25004 1.79594 1.75701 1.74853 1.73632 1.67982 1.65889 1.62984 2.37668 2.22338 1.60006 2.12812 1.66953 1.50302 1.62321 1.48819 1.44837 1.59878 2.06706 1.43881 2.18344 1.4474 1.49378 1.43285 1.81007 1.80609 1.38172 1.32937 1.30468
threshold=4.5000000000000009 0.35761677164653205 0.59862822403330695 -0.86584007740020741 0.6682364455844646 0.12116014371289226 3.5000000000000004 -0.80224061012268055 -1.0000000180025095e-35 0.51571677180167497 0.62277519861559927 6.5000000000000009 0.42856248038810546 0.56251011605964329 0.083724138224151076 0.19456233520349361 7.5000000000000009 0.4060020020968243 0.10128836398755635 0.088208548382022078 7.5000000000000009 -0.80224061012268055 5.5000000000000009 3.5000000000000004 1.5000000000000002 0.16104960814118388 0.44111342400370207 0.42897074669599539 0.045289682453118915 1.0000000180025095e-35 0.55281762036529336 0.47405824477629516 0.48256701367980909 1.0000000180025095e-35 0.58114234320921099 0.48555850648790416 -0.16530410945415494 0.046131418643208633 2.5000000000000004 0.48065253593188279 3.5000000000000004 0.30674326128318369 -0.80224061012268055 6.5000000000000009 5.5000000000000009 0.26811569336177682 82.492385690000006 0.24402737869083305 0.03869925387940875 0.065535814951459534 0.071109957109765767 0.08038751980250726 6.5000000000000009 0.14438850885439045 0.090515670263123557 0.09805517018180851 0.015315174747784892 0.07654017140417492 0.42897074669599539 0.017385002537881587 0.16104960814118388 0.090515670263123557
decision_type=2 2 2 2 2 2 2 2 2 2 2 2 2 2 2 2 2 2 2 2 2 2 2 2 2 2 2 2 2 2 2 2 2 2 2 2 2 2 2 2 2 2 2 2 2 2 2 2 2 2 2 2 2 2 2 2 2 2 2 2 2 2
left_child=3 5 7 9 6 14 29 31 10 -1 11 17 13 -13 15 56 -16 18 -9 -19 21 -17 32 39 -6 27 43 28 -7 30 -4 37 48 -34 -15 -10 52 -3 -20 49 41 -18 -43 -27 45 -45 47 -29 -5 -24 51 -51 53 -30 -55 -56 58 -58 -2 -14 -50 -62
right_child=1 2 4 22 24 25 -8 8 35 -11 -12 12 59 34 16 20 40 19 38 -21 -22 -23 23 -25 -26 26 -28 46 36 -31 -32 -33 33 -35 -36 -37 -38 -39 -40 -41 -42 42 -44 44 -46 -47 -48 -49 60 50 -52 -53 -54 54 55 -57 57 -59 -60 -61 61 -63
leaf_value=-0.001175158824887335 0.0013554843256990295 0.013514615421493847 0.0029753205216755826 -0.0058616340651385275 0.031377229243516928 0.011728044823906169 0.017875468882361079 0.021154361427179538 0.004684574044787497 0.014586790744215251 0.003860843506147515 0.0065530568304885588 0.012030330411096871 0.024947939264044788 -0.0047408746089359077 0.00089129766884950875 -0.0018720911028794946 0.013444384764279088 0.0092661749701513814 0.025163269379446587 -0.0033471968397498133 0.013429609518886885 -0.0057476935804906225 0.0020645488990969907 0.015417162701487542 0.013091907200391573 0.0012438988784087869 0.0060112265264801439 -0.0012388892529399953 0.00032657511189187831 0.025167056421438856 -0.0014135519205381868 0.018438465470397795 -0.0065660005072494601 0.012944152571501272 -0.00062346119993251939 0.0029573459349361807 0.003152711658730364 -0.0060437399521470073 0.0069450843334198003 -0.0029084861575530505 0.00074648816138505941 0.013287390521619209 0.0074047111493499981 0.013899169267258711 -0.00080116323980630613 -0.0065968420123681433 0.0027545315206337437 -0.0047127628328163156 -0.002981268651895002 -0.007451307879422199 0.0063198060598424685 -0.00071680196505508552 -0.0085068035516000923 0.0061575926347998576 -0.0021762239658052011 -0.0038914614985404924 0.00082397310390111079 0.010662425919012591 0.0010589951320941074 -0.00080450130353635371 -0.0046167071314717071
leaf_weight=1610 248 45 28 2279 60 54 123 80 493 48 294 225 34 39 545 62 100 93 172 93 45 149 550 306 37 117 283 751 292 95 21 221 37 77 155 228 1086 398 20 35 127 60 86 158 72 102 32 780 3838 167 88 93 1103 21 367 63 289 688 66 184 482 420
leaf_count=1610 248 45 28 2279 60 54 123 80 493 48 294 225 34 39 545 62 100 93 172 93 45 149 550 306 37 117 283 751 292 95 21 221 37 77 155 228 1086 398 20 35 127 60 86 158 72 102 32 780 3838 167 88 93 1103 21 367 63 289 688 66 184 482 420
internal_value=-0.000277806 0.00344149 0.0069984 -0.00375279 0.0145456 0.00200055 0.0106424 0.00600807 0.0071639 -0.000718842 0.00932217 0.0107885 0.00793978 0.0106295 0.000176443 0.0015435 -0.0021273 0.0147506 0.011637 0.0193038 0.00744394 0.00974537 -0.00435364 -0.00230206 0.0252894 0.00285198 0.00542724 0.00243758 0.00155281 0.00446418 0.0124861 0.00233515 -0.00470999 0.00154948 0.0153573 0.00300603 0.00136541 0.00420528 0.00767139 -0.00373419 0.00169147 0.00406624 0.0081336 0.00806396 0.00629207 0.00418548 0.00412787 0.00435204 -0.00481166 -0.00415042 -0.00162599 0.000345654 0.000428875 0.00212966 0.00431062 0.00493659 0.000373463 -0.000570869 0.00331172 0.00277012 -0.00430683 -0.00257959
internal_weight=20914 10884 3138 10030 364 7746 267 2774 2110 1658 1389 1095 637 419 2465 1547 918 458 272 186 256 211 8372 1239 97 5281 732 4549 2986 144 49 664 7133 114 194 721 2932 443 192 933 373 246 146 449 332 260 1563 1531 7019 898 348 260 1846 743 451 430 1291 977 314 218 4740 902
internal_count=20914 10884 3138 10030 364 7746 267 2774 2110 1658 1389 1095 637 419 2465 1547 918 458 272 186 256 211 8372 1239 97 5281 732 4549 2986 144 49 664 7133 114 194 721 2932 443 192 933 373 246 146 449 332 260 1563 1531 7019 898 348 260 1846 743 451 430 1291 977 314 218 4740 902
is_linear=0
shrinkage=0.05


Tree=4
num_leaves=63
num_cat=0
split_feature=4 23 15 36 37 38 4 14 15 23 12 3 12 3 34 15 4 4 31 3 4 4 29 3 37 38 4 11 15 23 14 3 36 4 4 14 3 34 15 15 11 32 12 32 3 15 4 34 31 3 4 3 3 30 14 3 32 23 30 38 31 3
split_gain=94.6181 19.8101 9.46209 6.70862 4.31918 5.94657 4.08538 5.75743 4.03646 3.67607 3.59667 4.99433 3.2858 2.68795 2.49344 4.45039 3.54491 3.13426 2.28713 2.15679 2.68509 2.05329 2.03238 2.02929 2.00143 3.35537 2.47807 2.0605 1.84526 1.79242 1.74899 5.90031 1.59649 1.56881 1.71685 2.27794 1.62488 1.55955 1.53435 3.55994 1.53293 1.47202 1.45125 1.44449 1.41837 2.88177 1.41403 1.41086 1.39518 1.38954 2.62977 1.38067 1.36787 2.00826 2.41304 1.35412 1.24416 1.23855 1.19434 1.18192 1.16231 1.13249
threshold=4.5000000000000009 0.35821161286306646 0.59862822403330695 -0.86584007740020741 -0.80224061012268055 -0.8462354689836501 6.5000000000000009 0.54145360458525316 0.35861181032107908 0.11711141327575117 0.55417936753371666 1.0000000180025095e-35 0.48458392124152888 3.5000000000000004 0.084511200621684254 0.19456233520349361 8.5000000000000018 7.5000000000000009 0.62970272692398221 5.5000000000000009 3.5000000000000004 8.5000000000000018 0.072858025196840245 3.5000000000000004 0.42897074669599539 1.0000000180025095e-35 6.5000000000000009 0.12543806063261623 0.73893086780224626 0.48065253593188279 0.48256701367980909 1.0000000180025095e-35 1.0000000180025095e-35 5.5000000000000009 6.5000000000000009 0.24402737869083305 1.0000000180025095e-35 0.19917306500827872 0.26299678374858709 0.42182345538140403 0.48458392124152888 0.04836985682770522 0.2065004784949632 0.26217830047693569 1.0000000180025095e-35 0.15328512109943462 7.5000000000000009 0.037485607929003309 0.29912662722912675 1.5000000000000002 7.5000000000000009 4.5000000000000009 5.5000000000000009 0.0034883169059374635 0.082171593389833583 2.5000000000000004 0.019739366932204454 0.13171708232847146 0.0023383030983639671 0.16104960814118388 0.41731043361630732 3.5000000000000004
decision_type=2 2 2 2 2 2 2 2 2 2 2 2 2 2 2 2 2 2 2 2 2 2 2 2 2 2 2 2 2 2 2 2 2 2 2 2 2 2 2 2 2 2 2 2 2 2 2 2 2 2 2 2 2 2 2 2 2 2 2 2 2 2
left_child=3 9 4 37 29 40 7 13 12 14 18 -12 -8 38 15 -2 46 61 -4 30 22 49 -21 28 25 26 44 32 -13 41 -5 -32 -26 48 -35 55 -37 52 -7 -40 -6 -3 -28 -39 45 -11 -16 58 -29 50 -14 -38 57 -54 -55 -36 -10 -1 -27 -48 -41 -17
right_child=1 2 10 19 5 6 8 -9 56 24 11 23 21 -15 16 17 -18 -19 -20 20 -22 -23 -24 -25 27 47 42 33 -30 -31 31 -33 -34 34 35 36 51 43 39 60 -42 -43 -44 -45 -46 -47 59 -49 -50 -51 -52 -53 53 54 -56 -57 -58 -59 -60 -61 -62 -63
leaf_value=-0.003237829039428583 0.00023731854747485387 0.01213049284555018 0.0028445176602829073 -0.0045431302343631836 0.0047135755067230561 0.012021525614501585 0.0030687979036542095 0.0050170028643142959 0.011210396250879225 -0.0011071296408662228 0.028510201246788103 0.0008172174380656253 -0.0025664802158957925 0.0007835809079309305 -0.0045110473676742095 0.013151513814826852 0.010342047363519669 -0.0033452678623856328 0.019345341622829439 -0.0054193219170808847 0.0018197662226713388 0.0057526251017723396 -0.00056749858287565241 0.018035760640420697 0.015885322802228808 -0.00050515522573519743 -0.0024185490819296253 0.0023072696369405613 0.01721874729350761 -0.0013257578981108965 0.017515982577624996 -0.0062034128420054915 0.004904016978304151 0.0081410825830333083 0.002538445777780212 0.0089935486520752658 -0.0018858889810273725 0.010259385788660558 0.025451956146086259 0.023940366644057492 -8.6242515723217419e-05 0.0029093244009628107 0.0011560080895424766 -0.0014754009878505832 0.0016172324157866205 0.01255394940574964 -0.00098847158525775121 0.0029024313195545638 -0.0052346938218968582 0.01790085842717383 0.015497765306270485 0.0052735318055098087 0.01563134532278547 0.010656488496654978 -0.0021829716087161722 0.0082904879184954369 0.00098017483675559634 -0.00017973481782296779 0.0082386649703582778 0.011107848991047253 0.01109401154152434 0.0037585337446736436
leaf_weight=634 1239 50 84 6951 465 132 149 214 33 66 75 47 29 30 491 136 54 49 28 558 314 92 352 88 62 47 689 274 27 250 39 80 71 245 170 54 298 61 108 21 259 322 483 46 653 93 246 1606 79 133 66 87 26 48 154 257 299 693 231 22 109 42
leaf_count=634 1239 50 84 6951 465 132 149 214 33 66 75 47 29 30 491 136 54 49 28 558 314 92 352 88 62 47 689 274 27 250 39 80 71 245 170 54 298 61 108 21 259 322 483 46 653 93 246 1606 79 133 66 87 26 48 154 257 299 693 231 22 109 42
internal_value=-0.000266432 0.00322551 0.00659622 -0.00352375 0.00561568 0.0066821 0.00856787 0.0116365 0.00621566 0.00187183 0.0143534 0.0178427 0.00920199 0.0151779 0.000184879 0.0014165 -0.00203597 0.00785263 0.00696972 -0.00410475 -0.00216694 0.0120578 -0.00354257 0.0129041 0.00257532 0.00196049 0.000525439 0.00406446 0.00680156 0.00194837 -0.00444023 0.00157017 0.0100231 0.00352313 0.00444573 0.00340028 0.000871194 -0.00062433 0.016345 0.0187429 0.00299651 0.00414873 -0.000945417 0.00521452 0.0026484 0.00688331 -0.00291662 0.00347171 0.000619408 0.0146019 0.00998342 -0.000268046 -0.0010261 0.00255153 0.000867989 0.00600045 0.00199703 -0.0016408 0.00676039 4.50995e-06 0.0131692 0.0109352
internal_weight=20810 10854 3110 9956 2761 2139 1415 614 801 7744 349 237 469 400 2279 1466 813 227 112 8294 1224 320 910 162 5465 3868 1984 1597 74 622 7070 119 133 1464 1111 866 439 1662 370 238 724 372 1172 107 812 159 759 1884 353 228 95 385 1555 228 202 427 332 1327 278 268 130 178
internal_count=20810 10854 3110 9956 2761 2139 1415 614 801 7744 349 237 469 400 2279 1466 813 227 112 8294 1224 320 910 162 5465 3868 1984 1597 74 622 7070 119 133 1464 1111 866 439 1662 370 238 724 372 1172 107 812 159 759 1884 353 228 95 385 1555 228 202 427 332 1327 278 268 130 178
is_linear=0
shrinkage=0.05


Tree=5
num_leaves=63
num_cat=0
split_feature=4 23 33 36 34 4 16 16 16 11 38 37 37 3 12 16 35 11 16 14 3 28 32 34 3 4 11 4 37 12 14 3 29 16 16 4 30 16 34 23 30 16 12 14 16 29 3 4 16 10 18 34 3 4 31 16 16 14 3 34 33 34
split_gain=85.5763 17.8272 9.97708 6.65362 5.57844 4.59036 5.25049 6.70721 4.01191 3.23317 3.5054 4.01956 3.20224 3.19718 3.09474 2.74098 2.34469 4.37748 2.53496 3.24396 2.20154 3.59407 3.33278 2.71957 2.08485 2.74818 1.91208 1.78488 1.77204 2.06059 1.64401 5.24355 1.57211 1.55795 2.41221 1.54218 1.49383 2.2552 1.42585 1.32063 1.3169 1.28194 1.26833 1.26536 1.25696 1.25174 1.52183 1.49996 1.20834 1.18991 1.18631 1.16836 1.20073 1.22729 1.15666 1.15067 1.13698 1.63807 1.12822 2.23971 2.28495 1.12439
threshold=4.5000000000000009 0.35821161286306646 0.71685564570822835 -0.86584007740020741 0.20837792368584598 6.5000000000000009 0.41465208871679066 0.08038751980250726 0.51571677180167497 0.039149534310845342 0.16104960814118388 0.42897074669599539 -0.80224061012268055 1.5000000000000002 0.21773352075866123 0.38582720038691165 1.5211035013198855 0.30487346440694801 0.56586959705662843 0.042619624866185236 2.5000000000000004 0.082211883323098062 0.11980805441792411 0.11052568455135194 5.5000000000000009 3.5000000000000004 0.41432351079199065 5.5000000000000009 -0.80224061012268055 0.87509938138378407 0.48256701367980909 1.0000000180025095e-35 0.072104798469052003 0.4005030014178827 0.44111342400370207 7.5000000000000009 0.051969257321083047 0.55135247818940292 0.17465161537685447 0.27833776764181895 0.0026059576222455913 0.03869925387940875 0.48458392124152888 0.27195849775880027 0.32599404738373366 0.53047239922251321 1.5000000000000002 8.5000000000000018 0.11026515779199934 10.954182694400002 52.998491286000011 0.014767258426768763 2.5000000000000004 2.5000000000000004 0.43306508587980314 0.033787402691678993 0.045289682453118915 0.10336867066967481 5.5000000000000009 0.066277633871357752 0.11911793431219393 0.10705955317726171
decision_type=2 2 2 2 2 2 2 2 2 2 2 2 2 2 2 2 2 2 2 2 2 2 2 2 2 2 2 2 2 2 2 2 2 2 2 2 2 2 2 2 2 2 2 2 2 2 2 2 2 2 2 2 2 2 2 2 2 2 2 2 2 2
left_child=3 9 4 8 5 6 7 26 58 -2 11 14 -8 42 -11 38 17 18 19 -13 23 22 -22 -7 30 32 -3 -15 -6 -30 41 -32 -26 -17 61 -25 -14 -38 44 -20 -21 -5 -9 56 49 47 54 -37 -27 -12 -23 52 53 -43 -47 -34 -16 -58 -1 60 -60 -35
right_child=1 2 -4 24 28 20 12 13 -10 10 15 16 36 27 43 33 -18 -19 39 40 21 50 -24 35 25 48 -28 -29 29 -31 31 -33 55 34 -36 45 37 -39 -40 -41 -42 51 -44 -45 -46 46 -48 -49 -50 -51 -52 -53 -54 -55 -56 -57 57 -59 59 -61 -62 -63
leaf_value=-0.0014352322193709288 -0.0035717503197219107 0.022253568125722399 0.024632524988717503 -0.0053253851621297872 0.00045935325324535374 -0.0017992238921234552 0.00040445354851809416 0.011398699087534145 0.013218259410216258 -0.00021338865041694503 0.0031960304524529907 -0.0060083693152086608 0.0094507113031189263 -0.0010091726306969441 0.01136295678821006 -0.0065173116214573392 0.0019882512214034797 -0.0034194090765369829 -0.0010711601143336203 0.002674676585874911 0.016286925634305026 0.0037877655446326604 0.0044962396924083511 3.1475390150102186e-05 -0.0051074615615195303 0.0049368529440274086 0.0067936013885108492 0.0043541137400800898 0.014603482605017416 0.0025644031966604842 0.016599291400649609 -0.0058548303750845104 -0.0061691529651579915 0.021666066641919317 0.00098443053195470219 0.0065145849820630502 0.02060733362320449 0.00750475601011584 0.015666217403486372 0.008591960729765041 0.010440292040469978 -0.0053444443871073118 0.0027606891827625141 0.00082304744768443676 0.015041766540171246 0.002071610332466662 -0.0013683163560926914 -0.0001816805290679137 -0.0012440515768449038 0.0084469759573146484 -0.0046379883156438912 -0.0042628593790494098 -0.0045890694231825535 0.00035052484847288538 0.014199955624771183 0.00061702289471500798 -0.0023135444052009421 0.0042381421040028908 -7.925678617679157e-05 -0.0033780910426332634 0.013079081146296726 0.0072054835377124747
leaf_weight=1375 273 70 72 2262 31 338 44 167 52 2980 229 36 84 253 47 50 1250 121 127 62 116 124 124 204 547 166 28 401 267 41 39 78 80 20 283 189 139 43 46 49 457 120 57 604 39 25 28 150 151 204 63 3814 347 447 92 285 110 719 65 98 67 41
leaf_count=1375 273 70 72 2262 31 338 44 167 52 2980 229 36 84 253 47 50 1250 121 127 62 116 124 124 204 547 166 28 401 267 41 39 78 80 20 283 189 139 43 46 49 457 120 57 604 39 25 28 150 151 204 63 3814 347 447 92 285 110 719 65 98 67 41
internal_value=-0.000257808 0.0030624 0.00623393 -0.00334401 0.00580356 0.00505471 0.00723046 0.00542991 -0.000450212 0.00177282 0.00196804 0.00156435 0.0128993 0.00404513 0.000714802 0.00487261 0.00336693 0.00538963 0.00684776 0.00850584 0.00312902 0.00614592 0.0101951 0.00187345 -0.00391923 -0.00201774 0.0178364 0.00227933 0.011854 0.0130009 -0.00424806 0.00162988 -0.00341169 0.00172963 0.00292831 0.00367776 0.0149661 0.0175117 0.00726322 0.00161914 0.00951261 -0.00434644 0.00920063 0.00258373 0.00644429 0.00521462 0.00910257 0.00355164 0.00199264 0.00566992 0.000949143 -0.00387809 -0.00227249 -0.00085476 0.0116084 -0.000870358 0.00379771 0.0033688 -0.000893053 0.00234823 0.0065996 0.0119467
internal_weight=20890 10897 3150 9993 3078 2739 1286 976 1657 7747 7474 6562 310 878 4460 912 2102 852 731 555 1453 427 240 1026 8336 1229 98 654 339 308 7107 117 912 394 344 688 266 182 518 176 519 6990 224 1480 472 484 145 339 317 433 187 4728 914 567 117 365 876 829 1605 230 132 61
internal_count=20890 10897 3150 9993 3078 2739 1286 976 1657 7747 7474 6562 310 878 4460 912 2102 852 731 555 1453 427 240 1026 8336 1229 98 654 339 308 7107 117 912 394 344 688 266 182 518 176 519 6990 224 1480 472 484 145 339 317 433 187 4728 914 567 117 365 876 829 1605 230 132 61
is_linear=0
shrinkage=0.05


Tree=6
num_leaves=63
num_cat=0
split_feature=4 23 33 34 4 16 16 16 4 34 4 15 3 31 15 16 33 37 38 14 33 12 3 34 15 11 3 15 16 14 3 14 30 11 7 23 16 28 12 23 25 4 4 3 3 30 33 33 34 15 15 12 35 16 30 15 15 23 30 3 33 33
split_gain=80.224 16.0778 9.87173 6.12256 4.70617 4.92981 6.02965 3.47379 3.45051 3.89651 3.56928 3.3175 3.13638 3.01745 2.86938 2.85151 2.84829 2.51736 4.75477 2.8627 2.68037 2.5212 2.81357 2.12704 3.10069 2.08228 2.84333 2.07116 2.03878 2.49709 1.98676 3.56465 1.90518 3.2386 1.9306 1.77657 1.7038 1.70013 1.69448 1.656 1.65529 1.62836 1.52879 1.64183 1.46522 1.46247 1.7358 1.64913 1.45851 2.02395 1.42289 1.78591 1.41917 2.34619 1.59826 1.40548 1.72184 1.67467 1.33384 1.28663 1.48489 1.32316
threshold=4.5000000000000009 0.35821161286306646 0.71685564570822835 0.21240085450225857 6.5000000000000009 0.41465208871679066 0.08038751980250726 0.050660039907521652 5.5000000000000009 0.092420828784340006 6.5000000000000009 0.20981551720741584 1.5000000000000002 0.24987520046220998 0.28168953612744269 0.049392461471823405 0.39976368745559532 0.42897074669599539 -1.0000000180025095e-35 0.24402737869083305 0.29363635953377309 0.067356818038375496 5.5000000000000009 0.094008692828640841 0.25227505549897744 0.068360510920549053 5.5000000000000009 0.84739672038450842 0.14438850885439045 0.27195849775880027 1.0000000180025095e-35 0.48256701367980909 0.089699015858935541 0.50745605945768879 12.648187006400002 0.48065253593188279 0.33633392769838444 0.061053821379506983 0.17631902142294723 0.42531810324512398 0.28204092081760868 5.5000000000000009 8.5000000000000018 1.0000000180025095e-35 5.5000000000000009 0.054964891223133409 0.39976368745559532 0.52263309419448933 0.079049203336809468 0.20981551720741584 0.080728501549434117 0.87509938138378407 -1.0000000180025095e-35 0.60897371114661225 0.0020941605487142128 0.16866031875562665 0.11826386887895003 0.11568531444566395 0.03136534295850877 3.5000000000000004 0.094670156990249138 0.07398835014464418
decision_type=2 2 2 2 2 2 2 2 2 2 2 2 2 2 2 2 2 2 2 2 2 2 2 2 2 2 2 2 2 2 2 2 2 2 2 2 2 2 2 2 2 2 2 2 2 2 2 2 2 2 2 2 2 2 2 2 2 2 2 2 2 2
left_child=7 8 3 4 5 6 39 35 9 11 16 55 -8 36 -7 -11 28 18 21 52 -20 22 -12 24 37 -9 30 50 -10 -30 31 58 33 -25 -35 -1 -13 -6 -23 -3 -18 -14 43 -21 -45 -16 -47 -48 49 -28 -5 -52 53 54 -19 56 59 -58 -27 61 -61 -2
right_child=1 2 -4 27 23 14 12 25 10 15 17 13 41 -15 45 -17 40 19 20 42 -22 38 -24 32 -26 26 48 -29 29 -31 -32 -33 -34 34 -36 -37 -38 -39 -40 -41 -42 -43 -44 44 -46 46 47 -49 -50 -51 51 -53 -54 -55 -56 -57 57 -59 -60 60 -62 -63
leaf_value=-0.0045701539089348297 0.0043997329089892805 0.021240644497995981 0.023513815953181343 0.0025328284182416449 0.015577479828826677 0.0010568655611194195 0.0089557765523379448 -0.0035945235466338225 -0.0018066993615348387 0.0060006247817699877 0.0026179474711805302 0.011358928153557437 -0.00098326457196839124 -0.0032206874577185283 0.0087541539045168631 -0.0041366349180129497 0.0035991508295719929 -0.00039294055690441065 0.0052317728066269293 0.0080407424622939688 0.00085088095449300084 -0.0026642996631912083 0.021607919985597787 0.0029654260603261687 -0.0031035036600574302 -0.0021596106538537743 0.0020458509016403914 0.023525779885757301 0.0080150874336840407 0.0023550593351535135 -0.0028424888269691154 0.015799998078081343 0.001939585027969544 0.0078975010387974352 0.018488072641825271 0.004825788787474819 0.0010510110296308994 0.00099496546587566053 0.00054935165484533823 0.0070013088639825586 0.014922776566908777 0.0041312662161976463 0.0080218273286636055 -0.0027465067125890846 0.0045834073125449728 0.0043137287915063407 0.022061737696846238 0.011155684780329467 -0.0018328752956618477 0.012831365689635277 0.014413073868490757 0.0025068101718237526 0.0036343942314233401 -0.0013039369364840944 0.011145137417224761 -0.0040018387739604094 -0.00078831053418448058 0.008197767958573415 0.0042004211776127875 -0.0058720809919759632 0.003041239825049133 -0.00064030376663079351
leaf_weight=3710 205 69 78 44 39 47 233 2586 132 78 172 175 249 65 79 627 47 34 764 54 643 933 22 342 270 329 266 36 355 432 2598 36 596 159 59 51 52 41 732 29 103 415 65 329 86 24 113 50 179 52 184 38 414 57 256 162 82 141 110 160 66 357
leaf_count=3710 205 69 78 44 39 47 233 2586 132 78 172 175 249 65 79 627 47 34 764 54 643 933 22 342 270 329 266 36 355 432 2598 36 596 159 59 51 52 41 732 29 103 415 65 329 86 24 113 50 179 52 184 38 414 57 256 162 82 141 110 160 66 357
internal_value=-0.000246833 0.00295663 0.00594467 0.00550488 0.00477881 0.00697288 0.00525124 -0.00324551 0.00173307 3.91662e-05 0.00238596 0.00150895 0.0039647 0.00627781 0.0124458 -0.00301507 0.0049864 0.00177647 0.0010368 0.00364193 0.0032297 -0.000622918 0.00477145 0.0028732 -0.000541802 -0.00251406 -0.0017314 0.0122703 0.0039437 0.00490819 -0.00229888 0.000674388 0.00390715 0.0060012 0.0107638 -0.00444274 0.00899764 0.00810394 -0.00125145 0.017027 0.0113747 0.00221332 0.000835564 -0.0001604 -0.00122754 0.0144582 0.0168679 0.0187163 0.00177735 0.00380952 0.010747 0.0123751 0.00561118 0.00796966 0.0097924 0.000321817 0.00101463 0.00489347 -0.000565981 -8.30639e-05 -0.00326908 0.00119814
internal_weight=20911 10994 3194 3116 2814 1308 995 9917 7800 2170 5630 1465 897 292 313 705 1069 4561 3266 1295 1407 1859 194 1506 350 6156 3570 302 919 787 3073 475 1156 560 218 3761 227 80 1665 98 150 664 534 469 415 266 187 163 497 318 266 222 761 347 290 1173 1011 223 439 788 226 562
internal_count=20911 10994 3194 3116 2814 1308 995 9917 7800 2170 5630 1465 897 292 313 705 1069 4561 3266 1295 1407 1859 194 1506 350 6156 3570 302 919 787 3073 475 1156 560 218 3761 227 80 1665 98 150 664 534 469 415 266 187 163 497 318 266 222 761 347 290 1173 1011 223 439 788 226 562
is_linear=0
shrinkage=0.05


Tree=7
num_leaves=63
num_cat=0
split_feature=4 23 33 36 34 4 16 16 16 4 4 34 15 16 36 15 16 37 38 33 15 11 34 15 4 10 33 14 30 30 23 18 16 14 14 4 15 15 15 16 23 33 30 33 16 11 11 34 21 34 32 37 12 14 16 32 16 16 34 15 16 12
split_gain=71.7295 14.8475 8.22035 4.79201 4.50294 4.19862 4.17665 5.78392 3.48056 3.05878 3.20252 3.18145 3.17691 2.77513 2.67953 2.65088 2.57678 2.19546 4.40348 2.74676 2.68612 2.18916 2.08516 2.5875 2.07304 2.24691 2.00505 1.95947 1.92746 1.85812 3.26621 1.98944 1.85367 1.59955 4.5675 1.70508 1.53325 1.48978 1.74133 1.48737 1.46404 1.40551 1.50451 1.39993 1.39849 1.55632 1.40812 1.27802 1.18995 1.18428 1.17515 1.16483 1.3397 1.13838 1.35965 1.2375 1.20907 1.1322 1.26619 1.1041 1.58355 1.10263
threshold=4.5000000000000009 0.35821161286306646 0.71685564570822835 -0.86584007740020741 0.20837792368584598 6.5000000000000009 0.41465208871679066 0.08038751980250726 0.51571677180167497 5.5000000000000009 6.5000000000000009 0.092420828784340006 0.20981551720741584 0.14438850885439045 -0.16530410945415494 0.28168953612744269 0.049392461471823405 0.42897074669599539 -1.0000000180025095e-35 0.3066377394005802 0.24553051045255822 0.066856956208822343 0.094870641514621393 0.25227505549897744 7.5000000000000009 10.234974490400003 0.41002395413562948 0.27195849775880027 0.054964891223133409 0.090997409495314652 0.47088762902866371 55.934244158000006 0.29283730516444689 0.48256701367980909 0.58337768817812374 3.5000000000000004 0.87509938138378407 0.32599404738373366 0.62014811518869595 0.03869925387940875 0.42531810324512398 0.39976368745559532 0.051969257321083047 0.52263309419448933 0.49126503463298787 0.079973609004155261 0.10404755421994627 0.12616083845010179 56.074642825500007 0.074841232391830506 0.02845040389773713 -0.80224061012268055 0.87509938138378407 0.17631902142294723 0.29283730516444689 0.15676737837693597 0.46518246733748947 0.056780072168273639 0.037981301816370057 0.052626903808505827 0.21149431420207163 0.17631902142294723
decision_type=2 2 2 2 2 2 2 2 2 2 2 2 2 2 2 2 2 2 2 2 2 2 2 2 2 2 2 2 2 2 2 2 2 2 2 2 2 2 2 2 2 2 2 2 2 2 2 2 2 2 2 2 2 2 2 2 2 2 2 2 2 2
left_child=3 9 4 8 5 6 7 40 -1 11 13 12 57 -11 -14 -8 -13 18 21 44 24 50 23 28 -19 -26 27 -15 -7 30 -24 48 -16 35 -35 39 51 -22 -39 -5 -3 -17 -43 -44 45 -20 -47 -28 -32 -4 -12 -6 -53 56 -55 -56 -31 -2 -59 -60 -61 -23
right_child=1 2 49 33 36 22 15 -9 -10 10 17 16 14 26 32 41 -18 20 19 -21 37 61 29 -25 25 -27 47 -29 -30 53 31 -33 -34 34 -36 -37 -38 38 -40 -41 -42 42 43 -45 -46 46 -48 -49 -50 -51 -52 52 -54 54 55 -57 -58 58 59 60 -62 -63
leaf_value=-0.0010126846686871521 -0.0022345892343713747 0.020146100204264925 0.032933766944333913 -0.005166149362316335 0.00025620130555970331 0.016774635999718158 0.0008961711439274332 0.0038603810427853737 0.012785982467392657 -0.0015093808405493437 0.00043622553843306375 0.0056825396895692397 0.013835766315460206 0.0077325036660546359 0.0070910274123769136 0.0036078298433373374 -0.0038595013699081145 0.0088573434228158519 -0.0019458673235461786 0.00048394600201404574 -0.0020013309572510119 -0.0024066720566082913 0.0023932653762555375 -0.0029703074910398218 -0.00028476823473701609 0.009496897872710644 0.019649549790968501 0.0026642197865545075 0.0011200298975203552 0.0075040696653093791 0.0044141775635071099 0.016382901426376998 -0.0024462585993619127 0.014991872241212565 -0.005350798771188066 -0.0023698244229143051 0.023100107659896216 0.0043970319586806002 -0.0029216486047588144 -0.0035054390441866786 0.0061509234756231311 0.0092831326733188082 0.020977907478809357 0.010668640464861344 -0.0010995381869115803 0.011840780892155388 0.0053879787398273824 0.0084479190837377788 0.01354085635393858 0.018537640530616045 0.0080825704361985242 0.012440574573140526 0.002412209982195726 -0.0017206021401761974 0.0004414416616782546 0.0091457788752658028 -0.0054473042665492931 0.0039269585957836849 -0.0039773830644122057 -0.0002460988117702156 0.0080943076541777435 0.0002202625846273784
leaf_weight=1652 339 74 20 1992 28 32 47 874 47 152 100 80 80 336 121 30 612 299 62 597 223 910 300 263 185 86 36 441 51 127 125 84 88 44 74 2025 24 400 102 4172 25 75 110 47 86 99 579 87 50 50 101 228 39 256 98 70 21 281 143 349 68 712
leaf_count=1652 339 74 20 1992 28 32 47 874 47 152 100 80 80 336 121 30 612 299 62 597 223 910 300 263 185 86 36 441 51 127 125 84 88 44 74 2025 24 400 102 4172 25 75 110 47 86 99 579 87 50 50 101 228 39 256 98 70 21 281 143 349 68 712
internal_value=-0.000237253 0.00281216 0.0057081 -0.00305046 0.00532279 0.0046725 0.0067661 0.00515782 -0.000630968 0.00163646 0.00225374 3.88253e-05 0.00135556 0.00473951 0.006054 0.0118304 -0.00275638 0.00167787 0.000983458 0.00306788 0.00341846 -0.0006436 0.00285531 -0.000541275 0.00598666 0.00281938 0.00579488 0.00485591 0.00715554 0.00389441 0.00594447 0.0100578 0.00307533 -0.00354531 0.0022346 -0.00362859 0.010947 0.00139932 0.00290997 -0.00404213 0.016612 0.0137919 0.0151088 0.0178917 0.00493544 0.0056368 0.0063302 0.0117264 0.0070218 0.0226508 0.00427842 0.00995831 0.0109758 0.00189094 0.000573094 0.00406825 0.00566637 0.000204838 0.00118815 -0.000186145 0.00111397 -0.00125354
internal_weight=20908 10902 3148 10006 3078 2759 1282 973 1699 7754 5593 2161 1469 1052 289 309 692 4541 3246 1423 1295 1823 1477 346 570 271 900 777 83 1131 559 259 209 8307 118 8189 319 725 502 6164 99 262 232 157 826 740 678 123 175 70 201 295 267 572 424 168 148 1180 841 560 417 1622
internal_count=20908 10902 3148 10006 3078 2759 1282 973 1699 7754 5593 2161 1469 1052 289 309 692 4541 3246 1423 1295 1823 1477 346 570 271 900 777 83 1131 559 259 209 8307 118 8189 319 725 502 6164 99 262 232 157 826 740 678 123 175 70 201 295 267 572 424 168 148 1180 841 560 417 1622
is_linear=0
shrinkage=0.05


Tree=8
num_leaves=63
num_cat=0
split_feature=4 12 33 36 16 37 35 4 16 16 13 15 16 23 12 33 4 38 37 38 33 33 1 33 16 12 16 38 15 15 12 4 11 32 32 12 12 12 32 4 32 16 31 16 15 15 30 12 37 11 15 16 14 32 15 31 31 32 4 15 16 15
split_gain=64.5781 14.4656 8.51792 4.99819 3.66572 3.39438 5.61533 3.49873 2.86306 3.27896 2.87023 2.84502 3.72931 2.80579 2.27132 2.03961 1.69551 3.32065 1.56157 2.42524 2.34589 1.99863 1.77499 1.76292 1.64249 1.491 1.48174 1.55612 1.64432 6.45284 1.44148 1.42514 1.24114 1.28042 1.23786 1.18219 1.09693 1.09329 1.08388 1.07442 1.07184 1.15866 1.06764 1.67069 1.05661 1.05325 1.18123 1.02228 1.90146 0.963632 0.961941 1.06659 1.055 0.954446 2.43317 1.08609 0.938088 1.51652 1.40678 1.19841 0.92875 0.916731
threshold=4.5000000000000009 0.35451846769643164 0.71685564570822835 -0.86584007740020741 0.51571677180167497 -0.80224061012268055 -1.0000000180025095e-35 6.5000000000000009 0.41465208871679066 0.14438850885439045 0.79266017993818416 0.35535778485721026 0.1192821264239087 0.11711141327575117 0.49359785330933165 0.37357747462857432 6.5000000000000009 0.16104960814118388 0.42897074669599539 1.0000000180025095e-35 0.3159577181177427 0.28744630622880346 82.492385690000006 0.57245033438178516 0.045289682453118915 0.48458392124152888 0.031293677297265052 0.16104960814118388 0.044031394005699345 0.095738652688237377 0.48458392124152888 5.5000000000000009 0.067356818038375496 0.015315174747784892 0.046131418643208633 0.46717887809161002 0.29283730516444689 0.22275321064004944 0.19673621046736325 6.5000000000000009 0.0081932691389739638 0.093693494235520619 0.62970272692398221 0.51571677180167497 0.30674326128318369 0.28168953612744269 0.028262284309722222 0.30956560662630983 0.84229862689971935 0.58114234320921099 0.55417936753371666 0.17141602778419843 0.26546055425155929 0.08150163150053108 0.20981551720741584 0.11144540111971982 0.046128951221481411 0.014971201315651599 1.5000000000000002 0.072149034023191172 0.60897371114661225 0.32599404738373366
decision_type=2 2 2 2 2 2 2 2 2 2 2 2 2 2 2 2 2 2 2 2 2 2 2 2 2 2 2 2 2 2 2 2 2 2 2 2 2 2 2 2 2 2 2 2 2 2 2 2 2 2 2 2 2 2 2 2 2 2 2 2 2 2
left_child=3 13 5 4 -1 25 7 8 9 44 45 14 49 16 -9 38 53 32 19 24 22 -21 31 -23 -15 34 -5 -28 -29 56 -8 47 -18 -34 -3 -36 -25 39 -16 -26 -33 -42 -14 -44 -7 -10 -47 48 -20 -13 51 -39 -53 54 -2 -56 57 -30 -58 -60 -43 -22
right_child=1 2 -4 26 -6 6 30 11 10 -11 -12 12 42 18 15 -17 17 -19 20 21 61 23 -24 36 37 -27 27 28 29 -31 -32 40 33 -35 35 -37 -38 50 -40 -41 41 60 43 -45 -46 46 -48 -49 -50 -51 -52 52 -54 -55 55 -57 58 -59 59 -61 -62 -63
leaf_value=-0.00082320286367172603 -0.0015548160702821181 0.011400058512338142 0.021393307789069851 -0.0046520495754551845 0.012305616357109764 0.011827308413606272 0.0039916455100656488 0.0019625755535714602 0.0058126887720492161 0.0045303607750684025 0.001935319301295788 0.0086123513299971831 0.0003974878311088783 0.010020023733066114 0.0045863127740380736 0.015138416286058224 0.0038413664600692498 0.011408322696623049 0.010671720747242049 0.004372432853599258 -0.0024224799874315219 0.00048035964582854199 -0.0063760789619250738 0.0023599448489646118 0.001073458385164898 -0.0011161434214112824 -0.0034217616740076259 -0.0038631124888643393 0.0092983609863689972 -0.0033107911146456198 -0.00048281344709521167 0.018198835991788658 0.004302874296363301 -0.001056294304778777 0.0019204785453143887 0.013213928984478117 0.015668145660310984 -0.0010544548397883773 0.011816979064998857 -0.001958001952918384 -0.0020155610430887655 0.0075459713116288185 0.016384471593690771 -0.0012169834369650254 0.023214129165366845 0.0087705885029087469 0.017641358542569246 -0.0068763225697554085 0.001063881741075093 0.022360812700711764 0.012495612865313888 0.0046031453501496275 -0.00076076384787832887 -0.0039666569891876431 -0.002902984544634819 0.010374307087553082 0.0012464138931768426 -0.0065222166027083545 0.007894359775211501 0.018460974182401387 -0.00087061972490378803 0.0021202871885054328
leaf_weight=1596 685 47 82 1835 55 83 514 108 27 300 47 25 381 43 138 133 234 76 69 1009 146 809 33 30 481 257 5220 453 28 527 277 20 131 747 317 25 32 275 83 745 38 516 28 26 27 45 226 26 203 26 20 295 133 279 20 67 59 33 115 35 35 464
leaf_count=1596 685 47 82 1835 55 83 514 108 27 300 47 25 381 43 138 133 234 76 69 1009 146 809 33 30 481 257 5220 453 28 527 277 20 131 747 317 25 32 275 83 745 38 516 28 26 27 45 226 26 203 26 20 295 133 279 20 67 59 33 115 35 35 464
internal_value=-0.00022792 0.00267382 0.00548471 -0.00289848 -0.000385841 0.00506926 0.00590593 0.00752286 0.0100624 0.00723794 0.0134189 0.00550036 0.00282975 0.00149164 0.00830971 0.0102461 2.5947e-06 0.00129675 0.00210653 0.00156966 0.00344767 0.00285775 0.00501463 0.00110309 0.000353999 0.00183915 -0.00339798 -0.00304231 -0.00145771 -9.0517e-05 0.00242474 0.00542907 0.000605669 -0.000256692 0.00379163 0.00274602 0.00922869 0.000140742 0.0073019 -0.000768661 0.00681549 0.00642896 0.00133004 0.0079097 0.0146223 0.0152301 0.0161684 0.00259575 0.00350116 0.0156214 0.00168283 0.00137521 0.00293632 -0.00146025 -0.000554443 0.00732206 0.00619498 0.000739688 0.0077872 0.0103599 0.00701134 0.001033
internal_weight=20839 10883 3222 9956 1651 3140 2494 1703 755 410 345 948 486 7661 462 354 2239 1188 5422 3872 1550 1880 940 871 1992 646 8305 6470 1250 797 791 907 1112 878 389 342 62 1949 221 1226 609 589 435 54 110 298 271 298 272 51 723 703 428 1051 772 87 270 61 209 150 551 610
internal_count=20839 10883 3222 9956 1651 3140 2494 1703 755 410 345 948 486 7661 462 354 2239 1188 5422 3872 1550 1880 940 871 1992 646 8305 6470 1250 797 791 907 1112 878 389 342 62 1949 221 1226 609 589 435 54 110 298 271 298 272 51 723 703 428 1051 772 87 270 61 209 150 551 610
is_linear=0
shrinkage=0.05


Tree=9
num_leaves=63
num_cat=0
split_feature=4 12 33 36 34 16 4 3 15 16 11 38 37 11 33 34 16 4 3 4 34 15 4 15 12 32 33 33 1 38 15 23 15 4 15 16 22 7 3 15 16 32 12 23 12 15 16 38 15 15 15 15 3 34 15 15 31 25 32 12 15 31
split_gain=57.5504 12.2294 8.01367 4.17951 3.46012 2.51261 2.49284 3.52918 3.29079 3.02187 2.46985 2.91094 3.2971 2.19624 2.0995 1.89895 1.8639 1.78019 1.754 2.3499 1.7304 1.71129 1.66145 1.56344 1.51833 2.05752 1.36904 2.00905 1.54763 1.36368 1.30974 1.16101 1.14166 1.42908 1.30498 1.13605 1.10251 1.10198 1.0852 1.05192 1.02277 1.07449 1.0191 0.989533 1.74226 0.984802 0.941702 1.06062 1.07948 5.76255 1.43257 2.32107 1.03162 0.959504 2.93241 0.926647 0.91697 0.927383 0.909015 0.885372 1.25723 0.874722
threshold=4.5000000000000009 0.35761677164653205 0.71685564570822835 -0.86584007740020741 0.21670790685916216 0.51571677180167497 6.5000000000000009 1.5000000000000002 0.33944422607671648 0.41465208871679066 0.039149534310845342 0.16104960814118388 0.42897074669599539 0.21773352075866123 0.20609184613675327 0.083724138224151076 0.44111342400370207 5.5000000000000009 4.5000000000000009 3.5000000000000004 0.026185942720173969 0.28168953612744269 5.5000000000000009 0.84739672038450842 0.57719791151878452 0.11058080697910656 0.13260093497185463 0.3159577181177427 82.492385690000006 -0.8462354689836501 0.06068077733570694 0.48065253593188279 0.32599404738373366 8.5000000000000018 0.3745619163194796 0.11026515779199934 67.214297800000011 5.215296416000001 1.5000000000000002 0.4718154078084757 0.045289682453118915 0.059973469274897294 0.47989366602990208 0.26980286259739511 0.30662116971681347 0.25227505549897744 0.03869925387940875 0.16104960814118388 0.080728501549434117 0.069846545741933774 0.044031394005699345 0.056796800382976541 1.5000000000000002 0.00608255645494291 0.033787402691678993 0.54225677578842257 0.075515471440545739 0.056700123321726741 0.11739343829775649 0.87509938138378407 0.080728501549434117 0.22333604858868075
decision_type=2 2 2 2 2 2 2 2 2 2 2 2 2 2 2 2 2 2 2 2 2 2 2 2 2 2 2 2 2 2 2 2 2 2 2 2 2 2 2 2 2 2 2 2 2 2 2 2 2 2 2 2 2 2 2 2 2 2 2 2 2 2
left_child=3 10 4 5 6 56 7 8 -3 14 -2 12 13 58 -9 45 36 -16 46 31 -14 -11 -23 59 -17 37 -22 28 30 -10 -28 -20 -29 34 -34 -21 -13 -26 -4 -27 61 -42 -24 -36 -45 -8 -5 53 49 50 -49 -52 -51 54 -48 -19 -1 -58 -12 60 -6 -15
right_child=1 2 38 18 23 -7 15 9 29 21 11 16 20 40 17 24 -18 55 19 35 26 22 42 -25 25 39 27 32 -30 -31 -32 -33 33 -35 43 -37 -38 -39 -40 -41 41 -43 -44 44 -46 -47 47 48 -50 52 51 -53 -54 -55 -56 -57 57 -59 -60 -61 -62 -63
leaf_value=-0.005074496921000031 -0.003179728934474792 0.0058201488229619848 0.024660792056885032 -0.0043796507740802701 0.0022814204706810416 0.010956079148231671 0.0091432260413421319 0.012769308499295935 0.0084771412959758277 0.00055093730025335542 5.8724474216273341e-05 0.0062789258187959524 0.009432084073705483 0.013381545176162036 -0.0017470797601715129 0.0026573614441913959 0.00099801091710105538 0.0030283193420931821 -0.0030099072161444028 0.004997126139434321 -0.00062929061689121434 -0.0016559434325798699 0.0065083895919236306 0.021801793288726074 0.0062587160347029568 0.0066277206481362766 -0.0028368719240534123 -0.0024862305227385468 -0.0050144215347245336 0.018694677299637103 0.0054850743306796438 0.006378988877815359 0.0069639880885625938 0.010975318761585758 -0.0020402552626533348 -0.00093825936557785173 -0.0031106235545435498 0.019577553795605173 0.012669437108882542 -0.0011162498843718747 0.0034152381339447365 0.00060303187790778604 0.014996965879420421 0.0067817479932631118 -0.0018751581446980843 -0.0024881301180339687 0.015732805710733651 -0.0033802900081333111 -0.0034287185004307622 0.010214297650682351 0.010179963130503893 -0.0060167148306563096 0.024779578149318696 -0.0036474283327092303 -0.0029546276734577956 0.011785582989228494 0.0067964543109261533 -0.00065652578048560522 -0.002377969268572614 0.0019991217324366937 0.012173826348870719 0.0010583373717963696
leaf_weight=115 279 197 54 2225 40 47 20 46 47 49 2529 594 96 36 234 1008 301 357 1043 168 288 23 49 26 25 156 50 167 40 107 869 34 91 43 216 155 33 41 29 61 586 808 127 122 111 202 26 334 422 31 55 37 20 3682 109 33 43 1423 451 39 163 24
leaf_count=115 279 197 54 2225 40 47 20 46 47 49 2529 594 96 36 234 1008 301 357 1043 168 288 23 49 26 25 156 50 167 40 107 869 34 91 43 216 155 33 41 29 61 586 808 127 122 111 202 26 334 422 31 55 37 20 3682 109 33 43 1423 451 39 163 24
internal_value=-0.000221436 0.00250659 0.00514195 -0.00275383 0.0047248 -0.000436499 0.0042021 0.00583638 0.0101006 0.00420593 0.00143902 0.00161188 0.00123933 0.000467245 0.00246061 0.00283137 0.00423215 0.00170067 -0.00320613 -0.00159169 0.00287499 0.00892111 0.0109821 0.0101508 0.00356592 0.00680205 0.00255977 0.00309719 0.00461325 0.0155763 0.0050323 -0.00271351 0.00115866 0.00220274 0.00150418 0.00214888 0.00578474 0.0145325 0.020471 0.00445084 0.00206033 0.00178521 0.0126337 0.000397629 0.00265764 -0.00144026 -0.00353176 -0.00313173 -0.00158668 4.29716e-05 -0.00185854 0.00366608 0.0159262 -0.00349563 0.000644434 0.00376932 -0.000775178 -0.000437919 -0.00031005 0.00889899 0.0102246 0.00845226
internal_weight=20836 10867 3133 9969 3050 1628 2782 1269 351 918 7734 7455 6527 4434 670 1513 928 624 8341 1400 2093 248 199 268 1291 283 1997 1709 959 154 919 1077 750 583 540 323 627 66 83 217 1454 1394 176 449 233 222 6941 4716 899 477 426 92 51 3817 135 390 1581 1466 2980 242 203 60
internal_count=20836 10867 3133 9969 3050 1628 2782 1269 351 918 7734 7455 6527 4434 670 1513 928 624 8341 1400 2093 248 199 268 1291 283 1997 1709 959 154 919 1077 750 583 540 323 627 66 83 217 1454 1394 176 449 233 222 6941 4716 899 477 426 92 51 3817 135 390 1581 1466 2980 242 203 60
is_linear=0
shrinkage=0.05


Tree=10
num_leaves=63
num_cat=0
split_feature=4 11 33 36 34 16 4 3 16 25 33 37 36 16 14 34 3 4 29 38 16 37 25 3 16 11 11 30 3 2 16 34 4 15 4 34 14 34 16 15 12 33 3 16 4 33 34 4 15 14 4 16 11 14 4 3 14 15 34 30 15 15
split_gain=52.7071 11.168 6.76918 4.1544 3.51494 2.80987 2.59706 3.3761 3.25627 2.51582 2.19577 1.70414 1.62465 1.56035 1.54866 1.48403 1.45986 1.91707 1.45852 1.42705 1.80836 1.67711 1.7701 1.65748 1.44548 1.45577 1.42183 1.37176 3.19617 1.54091 1.38743 1.31417 3.1432 2.47999 1.31509 1.38734 1.30192 1.30124 1.6117 1.29569 1.35329 1.20393 1.09596 1.0702 1.0301 1.28629 1.02723 1.02676 1.59243 1.02423 1.46052 1.16889 1.02395 1.00562 1.18407 1.68765 2.14005 1.67308 1.27933 2.65104 1.1307 1.47896
threshold=4.5000000000000009 0.35761677164653205 0.71685564570822835 -0.86584007740020741 0.21240085450225857 0.51571677180167497 6.5000000000000009 1.0000000180025095e-35 0.41465208871679066 0.11711141327575109 0.20233752293969773 -0.80224061012268055 -0.86584007740020741 0.08038751980250726 0.029349599827475436 0.083724138224151076 4.5000000000000009 3.5000000000000004 0.078743356414219576 0.16104960814118388 0.44111342400370207 0.42897074669599539 0.12602930858158087 5.5000000000000009 0.045289682453118915 0.30662116971681347 0.33904732545971444 0.089699015858935541 2.5000000000000004 5.5000000000000009 0.14268893850794764 0.1003808093300223 8.5000000000000018 0.19456233520349361 7.5000000000000009 0.084511200621684254 0.14566829048213084 0.097215118211889343 0.4060020020968243 0.080728501549434117 0.87509938138378407 0.37739696906576053 1.5000000000000002 0.11026515779199934 5.5000000000000009 0.25397863701718276 0.074841232391830506 6.5000000000000009 0.14235970989075322 0.17631902142294723 8.5000000000000018 0.29283730516444689 0.32591605106596466 0.025584845972531901 2.5000000000000004 2.5000000000000004 0.29129822265278166 0.14508213058544003 0.00608255645494291 0.0059486350734480531 0.04776991140461697 0.085701271093105422
decision_type=2 2 2 2 2 2 2 2 2 2 2 2 2 2 2 2 2 2 2 2 2 2 2 2 2 2 2 2 2 2 2 2 2 2 2 2 2 2 2 2 2 2 2 2 2 2 2 2 2 2 2 2 2 2 2 2 2 2 2 2 2 2
left_child=3 9 4 5 6 -1 7 13 10 14 -9 -10 -12 -3 -2 -8 53 18 -18 21 23 24 -23 37 36 -26 -27 28 30 -30 -17 33 -33 -16 35 -35 -11 41 -39 -6 -41 42 -21 -19 45 -24 -4 52 -49 50 -29 -51 -46 -5 -55 56 58 -58 59 -56 -60 -62
right_child=1 2 46 16 39 -7 15 8 11 19 12 -13 -14 -15 31 27 17 43 -20 20 -22 22 44 -25 25 26 -28 49 29 -31 -32 32 -34 34 -36 -37 -38 38 -40 40 -42 -43 -44 -45 47 -47 -48 48 -50 51 -52 -53 -54 54 55 -57 57 -59 60 -61 61 -63
leaf_value=-0.00068233516645727695 -0.0060798068946351126 0.02137973862559055 0.028552459570623578 -0.0051363546298240879 0.0019104741462289767 0.011126695286769135 -0.001172941301248846 0.013352730451879326 0.00031363316243741574 0.014368036086450861 -0.0027608731274421402 0.01149873741802792 0.0033851115897910256 0.0095774376167714406 0.00011410058870225519 0.0068743732573346289 -0.0039403876676524603 0.0047013047462678521 -0.00018309527717783679 -0.00022927146855150128 0.00072658606277743601 0.0091992910178152459 0.0028918511452502571 0.010878340174288799 0.00045179325284147587 0.006560740387858372 0.00034234580634363805 0.0070485603302624412 0.0051062677092119759 0.016227772921556607 0.0011837410672160332 -0.0027470668544147688 0.010857615848679258 0.0088952327544610573 -0.00052059504767538794 -0.0036704367510974412 0.00043438516557216646 -0.0020112603474187079 0.0106177328620106 0.012844190003070077 0.0019379609236211488 0.017816214564002373 0.0081303474764639807 -0.0010817609712830746 0.0082812270301199243 -0.0029779107350805137 0.015783245021861698 0.0060570432186599372 0.0012508082942988968 -0.0016136282221615155 -0.0052575533374630175 0.0034358677408920651 0.0013745613826008944 -0.0039033854684184344 -0.00023209659589661492 -0.0040258005788673754 0.009132333076260506 -0.0034451064234599471 -0.0038438371877528932 0.019363325075246393 0.00036724708755580903 -0.0033124692826495732
leaf_weight=1610 100 33 21 710 43 52 220 48 41 38 130 201 622 185 1238 161 713 160 405 58 265 107 210 123 2731 206 166 143 51 80 320 551 46 181 71 25 30 120 32 206 33 22 121 160 172 168 63 233 662 278 29 195 78 2821 126 1187 78 40 793 20 580 516
leaf_count=1610 100 33 21 710 43 52 220 48 41 38 130 201 622 185 1238 161 713 160 405 58 265 107 210 123 2731 206 166 143 51 80 320 551 46 181 71 25 30 120 32 206 33 22 121 160 172 168 63 233 662 278 29 195 78 2821 126 1187 78 40 793 20 580 516
internal_value=-0.000211569 0.0024402 0.00497519 -0.00259485 0.00458565 -0.000312859 0.00403802 0.00570557 0.00452175 0.00142575 0.00298445 0.00960374 0.00232264 0.011364 1.83677e-07 0.00261547 -0.0030513 -0.00160259 -0.00257929 0.00199474 0.00403702 0.00167953 0.00298297 0.00588001 0.00100953 0.000851495 0.00378587 0.00327852 0.0049742 0.011898 0.00308851 0.000288062 -0.0016988 0.001071 0.0053477 0.00737027 0.00822084 0.00413838 0.000647475 0.00990073 0.0113383 0.00677826 0.00542164 0.00180977 0.00254623 0.000283068 0.0189755 0.00329337 0.00250204 0.00166958 0.00497369 0.000468088 0.00612635 -0.0033545 -0.00314915 -0.00251212 -0.00167759 0.00486879 -0.00205718 0.00245221 -0.00240571 -0.00136517
internal_weight=20828 10857 3103 9971 3019 1662 2737 1260 1042 7754 800 242 752 218 2212 1477 8309 1438 1118 5542 741 4801 1630 476 3171 3103 372 1257 612 131 481 2112 597 1515 277 206 68 353 152 282 239 201 179 320 1523 378 84 1145 895 645 172 473 250 6871 6161 3340 2153 118 2035 146 1889 1096
internal_count=20828 10857 3103 9971 3019 1662 2737 1260 1042 7754 800 242 752 218 2212 1477 8309 1438 1118 5542 741 4801 1630 476 3171 3103 372 1257 612 131 481 2112 597 1515 277 206 68 353 152 282 239 201 179 320 1523 378 84 1145 895 645 172 473 250 6871 6161 3340 2153 118 2035 146 1889 1096
is_linear=0
shrinkage=0.05


Tree=11
num_leaves=63
num_cat=0
split_feature=4 12 15 23 36 3 4 3 4 15 33 38 11 37 3 36 15 32 3 4 37 4 29 32 12 23 14 38 15 29 14 37 23 15 3 14 14 15 4 12 15 32 4 33 30 33 3 30 33 15 32 30 14 14 12 4 12 31 33 15 14 15
split_gain=46.9388 9.92517 4.92418 4.04818 3.40443 3.17841 2.5249 3.41284 3.37133 4.57987 3.01392 2.39228 1.73514 1.89327 1.89425 1.84397 1.71265 1.69966 1.63445 1.85181 1.45565 1.43234 1.42381 1.44823 1.7125 1.35476 1.53058 1.34335 1.32999 1.32736 1.24595 1.21154 2.19949 1.20534 1.20278 1.19466 3.32529 1.13918 1.1343 1.09495 1.41565 1.08482 1.07238 1.05339 1.15789 1.56285 0.998149 1.67063 0.96422 0.95906 0.91976 0.913013 1.25651 3.02038 1.04977 0.901514 0.901012 0.861214 0.853517 1.54572 0.850042 0.803259
threshold=4.5000000000000009 0.57719791151878452 0.58114234320921099 0.19056053052651076 -0.86584007740020741 1.0000000180025095e-35 6.5000000000000009 2.5000000000000004 5.5000000000000009 0.33202743996396061 0.30432459377344739 0.16104960814118388 0.039149534310845342 0.42897074669599539 3.5000000000000004 -0.11776248365640639 0.4718154078084757 0.15676737837693597 4.5000000000000009 3.5000000000000004 -0.80224061012268055 7.5000000000000009 0.55948854590343255 0.092675211147889305 0.38661501525169767 0.17446635944404901 0.058019920266859863 -0.8462354689836501 0.28168953612744269 0.070173318673430449 0.042619624866185236 0.42897074669599539 0.38412752701415465 0.53410516285437215 1.0000000180025095e-35 0.48256701367980909 0.58337768817812374 0.3745619163194796 5.5000000000000009 0.84739672038450842 0.27122048254522746 0.0081932691389739638 7.5000000000000009 0.28066130145110096 0.046295241982930772 0.20398876597700208 5.5000000000000009 0.045493668938288802 0.24025546639216699 0.1206169132411742 0.030499802236277827 0.021180644293794872 0.07726302548703172 0.065535814951459534 0.058019920266859863 6.5000000000000009 0.039811308720293044 0.054404676214674257 0.2239979942096858 0.23201608673936783 0.025584845972531901 0.26518253511891504
decision_type=2 2 2 2 2 2 2 2 2 2 2 2 2 2 2 2 2 2 2 2 2 2 2 2 2 2 2 2 2 2 2 2 2 2 2 2 2 2 2 2 2 2 2 2 2 2 2 2 2 2 2 2 2 2 2 2 2 2 2 2 2 2
left_child=4 3 16 12 46 -4 8 42 10 -10 11 31 -2 15 17 -14 20 30 35 29 -3 38 23 24 43 26 57 37 50 -20 -15 58 48 -30 -29 60 -37 -11 -7 40 55 -32 -8 44 45 -9 51 49 -33 -48 -28 -1 53 -53 -54 -22 -21 -17 59 -5 -6 -43
right_child=1 2 5 6 18 21 7 22 9 27 -12 -13 13 14 -16 25 -18 -19 19 56 39 -23 -24 -25 -26 -27 28 34 33 -31 41 32 -34 -35 -36 36 -38 -39 -40 -41 -42 61 -44 -45 -46 -47 47 -49 -50 -51 -52 52 54 -55 -56 -57 -58 -59 -60 -61 -62 -63
leaf_value=-0.0024016370301261033 -0.0032395014291790505 -0.0024435327729073969 0.021236818635629286 0.00054716291164202111 -0.0049639298574598867 0.0016977269823352497 -0.0014024530266356491 0.0041668490558824786 0.0023824393906909974 0.0084506670725257964 -0.0018739469107063285 0.010390888293373533 -0.0002607136717772588 -0.0049305099355079597 -0.00066578017128230045 0.0066996051423484464 0.00079852546122474765 0.014001182414500452 -0.0038447382438211958 0.0064673263809698475 0.001602227508982954 -0.0020243910762170951 0.011782404543975226 0.0019152033345851427 0.012658650606222774 -0.0036213477798661253 0.0049846120587341038 0.015714747506914335 -0.0033562596694662657 -0.00030989171180905952 0.013683938979063118 0.0054463389851785839 0.012456197518064347 0.0076905779020730843 0.0087486277424529916 0.013660372846210614 -0.0046054641405741375 0.0021239554446498706 0.012917280947679983 0.0010120556087298482 0.012649095342462963 0.0045539683774008903 0.0011744486448558593 0.00085770784733960265 0.002855444652923774 0.013940444560005115 0.00077612667382523717 -0.002173487366927625 -0.0017956348385729166 0.009597635390349182 0.011834907357828045 0.00076088678002921191 0.0077594894780001304 0.021798476305874913 -0.001005086037851592 0.0083388686601427349 0.0004060454493049871 -0.0055092550527590977 -0.0033818520795189074 0.011160437333528535 -0.0031206422283958017 0.00014533869360523825
leaf_weight=598 271 41 81 241 697 27 583 86 625 153 368 112 2526 41 290 20 183 41 614 85 75 24 52 750 69 61 98 74 58 468 28 103 73 43 381 39 69 133 136 57 129 489 1313 156 162 78 49 103 83 83 98 76 36 22 670 147 220 52 97 40 6093 131
leaf_count=598 271 41 81 241 697 27 583 86 625 153 368 112 2526 41 290 20 183 41 614 85 75 24 52 750 69 61 98 74 58 468 28 103 73 43 381 39 69 133 136 57 129 489 1313 156 162 78 49 103 83 83 98 76 36 22 670 147 220 52 97 40 6093 131
internal_value=-0.000202599 0.0022551 0.00728392 0.00180155 -0.00250027 0.0129634 0.0026684 0.00175101 0.0038688 0.00553483 0.00183138 0.00365188 0.000631596 0.000895446 0.00275284 0.00025453 0.00487555 0.00411093 -0.00291196 -0.00134582 0.00653723 0.0093797 0.00366934 0.00334507 0.00529135 0.00328129 0.00442237 0.00819373 0.00600789 -0.0023158 0.00352239 0.002467 0.0051013 0.00134685 0.00988158 -0.00322687 0.00199053 0.00550852 0.0110588 0.00743971 0.00848352 0.00405722 0.000382079 0.0042367 0.00585364 0.00881527 -0.000416669 0.002599 0.00221471 0.00632298 0.00840976 -0.000922148 0.000178268 0.00548361 -0.000558167 0.00606298 0.00209525 -0.0021179 0.000662021 0.00205795 -0.00330986 0.00362247
internal_weight=20801 10879 900 9979 9922 268 5732 3249 2483 1366 1117 749 4247 3976 1020 2956 632 730 8285 1387 449 187 1353 1301 551 430 369 741 297 1082 689 637 259 101 455 6898 108 286 163 408 351 648 1896 482 326 164 1637 235 186 132 196 1402 804 98 706 222 305 72 378 281 6790 620
internal_count=20801 10879 900 9979 9922 268 5732 3249 2483 1366 1117 749 4247 3976 1020 2956 632 730 8285 1387 449 187 1353 1301 551 430 369 741 297 1082 689 637 259 101 455 6898 108 286 163 408 351 648 1896 482 326 164 1637 235 186 132 196 1402 804 98 706 222 305 72 378 281 6790 620
is_linear=0
shrinkage=0.05


Tree=12
num_leaves=63
num_cat=0
split_feature=4 11 15 36 12 3 37 35 15 16 4 34 4 16 15 15 31 32 4 30 37 35 14 11 15 16 3 4 3 11 16 4 14 3 3 25 15 31 4 32 25 23 16 16 32 23 11 16 4 3 12 16 4 34 35 23 3 11 15 34 12 22
split_gain=41.3147 9.75405 4.69654 2.97274 2.64764 2.62667 2.50117 3.07962 2.73629 2.43286 2.14187 2.73614 2.42792 2.23051 2.0188 1.93104 2.32781 1.7909 1.9904 2.0186 1.57101 3.41053 2.13459 1.79395 1.6888 1.52853 1.41835 2.18164 1.41603 1.35083 1.2942 1.28307 1.769 2.12812 1.69142 1.26932 1.61102 1.1712 1.16834 1.2077 1.15732 1.12529 1.09761 1.04259 1.0389 1.03773 2.49678 1.47832 1.0294 1.02222 1.2078 1.00645 1.00443 0.989348 1.05453 0.941657 1.128 0.937118 0.932311 0.924806 1.09271 0.892961
threshold=4.5000000000000009 0.35451846769643164 0.57719791151878452 -0.86584007740020741 0.56251011605964329 1.0000000180025095e-35 -0.80224061012268055 -1.0000000180025095e-35 0.39003234279466126 0.51571677180167497 5.5000000000000009 0.092420828784340006 6.5000000000000009 0.14438850885439045 0.37806509186730825 0.20981551720741584 0.24987520046220998 0.10360833639279614 6.5000000000000009 0.080499525235899844 0.42897074669599539 -0.49410644173622126 0.24402737869083305 0.067356818038375496 0.24834611028552381 0.049392461471823405 5.5000000000000009 7.5000000000000009 4.5000000000000009 0.096699811983334952 0.27226337963882508 3.5000000000000004 0.48256701367980909 1.0000000180025095e-35 5.5000000000000009 0.16355172803791862 0.32208677022401727 0.62970272692398221 7.5000000000000009 0.11498617710382364 0.47405824477629516 0.48555850648790416 0.031293677297265052 0.33633392769838444 0.044861664160383501 0.13866011383290114 0.16355172803791862 0.22722307636760702 8.5000000000000018 2.5000000000000004 0.84739672038450842 0.11026515779199934 8.5000000000000018 0.22660820619166633 -1.0000000180025095e-35 0.45958520850535123 1.0000000180025095e-35 0.095738652688237377 0.14932637417829622 0.085276029735565625 0.73893086780224626 52.371187154000005
decision_type=2 2 2 2 2 2 2 2 2 2 2 2 2 2 2 2 2 2 2 2 2 2 2 2 2 2 2 2 2 2 2 2 2 2 2 2 2 2 2 2 2 2 2 2 2 2 2 2 2 2 2 2 2 2 2 2 2 2 2 2 2 2
left_child=3 10 6 9 37 -6 40 8 14 -1 11 15 13 -12 48 45 43 18 19 -10 21 24 53 28 61 -13 27 -26 -23 -29 -20 32 42 -34 -33 -15 -37 -4 39 -7 44 55 -5 -17 -3 -2 -47 -48 49 58 -51 -36 -24 54 -22 56 -9 -56 -8 -60 -61 -14
right_child=1 2 4 31 5 38 7 41 17 -11 12 25 20 35 -16 16 -18 -19 30 -21 22 23 52 -25 26 -27 -28 29 -30 -31 -32 34 33 -35 51 36 -38 -39 -40 -41 -42 -43 -44 -45 -46 46 47 -49 -50 50 -52 -53 -54 -55 57 -57 -58 -59 59 60 -62 -63
leaf_value=-0.00076842919643968347 -0.0010340190619455016 0.0090867628315946906 0.0024055190280184049 -0.0044100605705356668 0.020032316131831766 0.01525562842703098 0.010727887380247316 0.0057511263273216868 0.0059818074011426664 0.0098339767328330455 -0.0015633130634131914 0.003906611198681866 0.0064084347010142321 0.00094711715282755913 0.019954969717020338 0.0090952398256494617 -0.0032568959617388566 -0.0004228608758869366 0.008839470897687645 0.018808489747691989 0.0071887608235701927 0.0023337351040430576 -0.00060021777202143431 -0.0013586407329253783 -0.0040886257628297753 -0.0035594247828796507 0.005914566296570261 0.01228629221324809 0.016445042621344327 0.0012612808046508284 -0.0017244660624801513 -0.0022611125693203812 0.012845639926136325 -0.0041188621686564552 0.0044799013896295748 0.0038528607672946458 0.0088185601871399542 0.013125924886234345 -0.0016935289414091545 0.0069947515345680032 -0.0018426459665961453 -0.00070769161617453586 -0.0028184845614521595 0.0010047090669664054 0.0016018191802730734 0.0081727444454026982 -0.0013532128710631688 0.0091088807308360147 0.0031753568097949028 0.011614008691267446 0.001689495226102216 -0.00115545434722056 0.0059974505820057609 -0.0013073711615541707 -0.0017454428720827166 0.0093635986398520141 0.00070462407909394108 0.0044703098228201267 0.015158011117018762 0.0026279542295154761 0.012421571110572779 0.0026672060520668362
leaf_weight=1600 720 53 143 1407 77 77 90 178 107 56 156 77 287 160 33 170 70 208 41 43 300 160 458 1628 222 625 116 30 20 376 99 1759 38 36 161 396 278 31 22 104 234 252 4708 52 370 121 303 38 125 247 35 156 66 69 76 58 293 300 20 208 33 359
leaf_count=1600 720 53 143 1407 77 77 90 178 107 56 156 77 287 160 33 170 70 208 41 43 300 160 458 1628 222 625 116 30 20 376 99 1759 38 36 161 396 278 31 22 104 234 252 4708 52 370 121 303 38 125 247 35 156 66 69 76 58 293 300 20 208 33 359
internal_value=-0.000194854 0.00212443 0.00445056 -0.00234347 0.00915917 0.0121692 0.00366666 0.00451975 0.00602093 -0.000409894 0.00115503 -0.000171349 0.00168392 0.0039242 0.00784883 0.00105222 0.00469333 0.00311759 0.00565695 0.00965879 0.00118742 0.000596756 0.00267596 -0.000834938 0.00245899 -0.0027405 0.000835007 -0.000103256 0.00390166 0.00207594 0.00136926 -0.00273089 -0.0030917 0.00459264 -0.00165524 0.00495064 0.00590103 0.00431548 0.0091866 0.010509 0.000978832 0.00204213 -0.00318469 0.00720016 0.00253965 0.000152726 0.0020022 -0.000187349 0.00732178 0.00814058 0.0103822 0.00170667 0.000230786 0.00439578 0.00497791 0.00335207 0.00261179 0.00321393 0.00633959 0.00482639 0.00396899 0.00432933
internal_weight=20735 10814 3181 9921 454 280 2727 2070 1289 1656 7633 2176 5457 990 791 1474 292 498 290 150 4467 3198 1269 1808 1390 702 744 628 180 406 140 8265 6189 74 2076 834 674 174 203 181 657 781 6115 222 423 1182 462 341 758 633 282 317 524 745 676 529 471 376 351 261 241 646
internal_count=20735 10814 3181 9921 454 280 2727 2070 1289 1656 7633 2176 5457 990 791 1474 292 498 290 150 4467 3198 1269 1808 1390 702 744 628 180 406 140 8265 6189 74 2076 834 674 174 203 181 657 781 6115 222 423 1182 462 341 758 633 282 317 524 745 676 529 471 376 351 261 241 646
is_linear=0
shrinkage=0.05


Tree=13
num_leaves=63
num_cat=0
split_feature=4 23 33 36 34 16 15 11 38 37 4 16 3 16 15 16 15 16 35 11 16 14 16 18 23 31 15 30 16 3 4 29 16 16 11 34 15 4 23 29 15 30 3 11 16 11 34 15 33 30 33 33 25 3 34 15 15 15 34 14 15 38
split_gain=38.179 8.13411 4.79808 2.94605 2.70148 2.3191 2.21619 1.79758 2.05954 1.96031 1.75588 3.01038 1.92489 1.73564 1.68403 1.63926 1.63569 1.8532 1.48007 2.49573 1.69642 1.95212 1.4705 1.46902 1.44904 1.27834 1.26174 1.28238 1.20458 1.18103 1.50086 1.20315 1.12483 1.83758 1.08726 1.05145 1.11849 1.04539 1.23498 1.00825 0.994567 1.62415 0.936233 0.935832 1.69321 1.42074 0.902684 0.888946 0.888505 1.22465 1.30058 0.882237 0.955798 0.874412 1.96269 1.32456 0.900418 1.15604 0.844002 0.836131 1.00558 0.831622
threshold=4.5000000000000009 0.35821161286306646 0.71685564570822835 -0.86584007740020741 0.20837792368584598 0.097568654307503236 0.21569701651364923 0.039149534310845342 0.16104960814118388 0.42897074669599539 6.5000000000000009 0.41465208871679066 2.5000000000000004 0.51571677180167497 0.28168953612744269 0.38582720038691165 0.30541588151332583 0.58001918321960733 1.5211035013198855 0.30487346440694801 0.56586959705662843 0.042619624866185236 0.050660039907521652 56.640162514000004 0.14522862853570281 0.33229394161685638 0.62014811518869595 0.002916204226116804 0.16866031875562665 4.5000000000000009 3.5000000000000004 0.083707125222676412 0.4005030014178827 0.44111342400370207 0.14965113470828065 0.17465161537685447 0.42856248038810546 2.5000000000000004 0.13755445565890964 0.14900262719198651 0.25227505549897744 0.062407148179674889 3.5000000000000004 0.30662116971681347 0.045289682453118915 0.33904732545971444 0.074841232391830506 0.87509938138378407 0.39121458508079793 0.051969257321083047 0.52263309419448933 0.082156888647448995 0.057332986658648576 5.5000000000000009 0.065489794283607281 0.16866031875562665 0.088755788873494765 0.079973609004155261 0.074841232391830506 0.45317094764360022 0.07602236402306288 0.16104960814118388
decision_type=2 2 2 2 2 2 2 2 2 2 2 2 2 2 2 2 2 2 2 2 2 2 2 2 2 2 2 2 2 2 2 2 2 2 2 2 2 2 2 2 2 2 2 2 2 2 2 2 2 2 2 2 2 2 2 2 2 2 2 2 2 2
left_child=3 7 4 13 5 6 22 -2 9 24 11 12 -7 51 -13 35 17 40 19 20 21 -11 -3 25 28 -8 27 -23 -9 61 31 -31 -17 -34 39 36 -10 38 -33 -26 41 -12 -18 44 -36 -45 -4 -6 -16 -50 -51 -1 -53 56 55 -55 57 -54 -14 60 -20 -5
right_child=1 2 46 29 47 10 23 8 15 18 16 14 58 -15 48 32 42 -19 59 -21 -22 26 -24 -25 34 -27 -28 -29 -30 30 -32 37 33 -35 43 -37 -38 -39 -40 -41 -42 -43 -44 45 -46 -47 -48 -49 49 50 -52 52 53 54 -56 -57 -58 -59 -60 -61 -62 -63
leaf_value=-0.0045726213529563818 -0.0028122753943121215 0.0096099093104501012 0.025110777094960214 -0.0031954997613658099 0.007582592314346194 0.0052900357829967024 0.015422660479089245 0.00049799502407612737 0.0056695365086573205 -0.0044017013825046331 0.0077948603570859379 -0.00063955438035052459 0.0051392830729363841 0.0087291456905065814 0.0017470612174033057 -0.0057024058358708645 -0.00098180309080092587 0.013449707258093573 -0.0021564365474899348 -0.0029558247742082541 0.00090118993587869544 0.00097934992882073866 -0.0012160178694925082 0.019441115349531177 0.0014854040588771396 0.0016879032107277052 -0.0033014436493869186 0.0088008737804917605 -0.0020011827538887234 -0.0034113522876903588 0.0018395841222698405 0.0020426568108660201 0.010231344144919823 0.00045015912337769423 0.011360701287215176 0.012250203859061004 -0.0010645572367213565 0.0043111789173313547 -0.0045285745278353063 0.010020121189837273 -0.0011674370174633636 0.001864889796192825 0.005094047580173032 0.005950917267052571 0.00026462251618803058 0.00032401778872757523 0.013095426725016701 0.018020675940947098 0.0058298495116528787 0.016508001991984458 0.0063753505528438836 0.0068834495443540313 -0.00019722364264404985 0.0022511076568862646 -0.0025254295472986999 0.013501900914026069 -0.0017622970170483882 0.007606631430486838 -0.00050966007167719206 -0.0024342153143758578 0.0022252793961682572 -0.0018246649151907859
leaf_weight=131 277 55 22 5547 280 409 32 1065 397 39 162 42 81 51 28 53 531 42 152 116 192 60 73 50 74 36 27 414 881 706 295 132 58 279 35 50 73 105 156 65 138 402 72 213 1942 237 54 22 73 113 44 45 227 59 100 47 948 60 360 144 945 1382
leaf_count=131 277 55 22 5547 280 409 32 1065 397 39 162 42 81 51 28 53 531 42 152 116 192 60 73 50 74 36 27 414 881 706 295 132 58 279 35 50 73 105 156 65 138 402 72 213 1942 237 54 22 73 113 44 45 227 59 100 47 948 60 360 144 945 1382
internal_value=-0.000188422 0.00200761 0.00416435 -0.00227057 0.00385463 0.00336047 0.00799236 0.0011433 0.00128918 0.00098177 0.00290415 0.00433912 0.00281933 -0.000352662 0.00864518 0.00351911 0.00167904 0.00324763 0.00224809 0.0038581 0.0049379 0.00637318 0.00343575 0.0129351 0.000395481 0.00815132 0.00721194 0.00781081 -0.000633442 -0.00265493 -0.00132704 -0.00217704 0.00106868 0.00213357 0.00117579 0.00535693 0.0046236 4.03228e-05 -0.00151676 0.00547646 0.00263725 0.00356818 -0.000256328 0.000929485 0.000461063 0.00298742 0.0165736 0.00834298 0.0101567 0.0111804 0.0136683 -0.000639101 -0.000292337 -0.000516425 0.00249933 0.00723967 -0.00101946 0.00143424 0.000527901 0.00114793 0.00161815 -0.00292208
internal_weight=20900 10909 3121 9991 3045 2743 246 7788 7511 6601 2497 1150 850 1668 300 910 1347 744 2089 848 732 540 128 118 4512 68 501 474 1946 8323 1394 1099 390 337 2566 520 470 393 288 139 702 564 603 2427 1977 450 76 302 258 230 157 1617 1486 1441 206 106 1235 287 441 1241 1097 6929
internal_count=20900 10909 3121 9991 3045 2743 246 7788 7511 6601 2497 1150 850 1668 300 910 1347 744 2089 848 732 540 128 118 4512 68 501 474 1946 8323 1394 1099 390 337 2566 520 470 393 288 139 702 564 603 2427 1977 450 76 302 258 230 157 1617 1486 1441 206 106 1235 287 441 1241 1097 6929
is_linear=0
shrinkage=0.05


Tree=14
num_leaves=63
num_cat=0
split_feature=4 12 15 25 36 3 4 15 3 4 3 16 15 34 16 38 38 35 34 3 4 3 12 33 28 34 34 30 15 16 15 36 14 0 16 38 15 15 33 15 12 29 34 30 3 14 16 31 12 4 30 16 4 25 16 15 16 25 12 12 16 13
split_gain=34.9122 7.53383 3.65358 3.11219 2.4465 2.36119 2.24078 3.67333 3.00688 3.41343 2.85231 1.88756 1.86747 1.64599 1.86682 1.73733 1.57161 2.35556 1.42505 1.40003 2.33092 1.80306 1.84031 2.4406 1.38841 1.27637 1.26887 1.2294 1.18972 1.2781 1.18222 1.18126 1.79111 1.81025 1.16891 1.14836 1.26416 5.26342 1.19949 2.24653 4.1205 1.11734 1.6106 1.06641 1.04429 1.03345 1.22164 1.1706 1.0209 1.00906 0.98286 1.02749 0.968651 0.92702 0.919289 0.906724 0.866469 0.838313 0.833574 1.05602 0.825608 0.82172
threshold=4.5000000000000009 0.57719791151878452 0.57719791151878452 0.27113242128273657 -0.86584007740020741 1.0000000180025095e-35 6.5000000000000009 0.32208677022401727 1.5000000000000002 5.5000000000000009 2.5000000000000004 0.51571677180167497 0.4718154078084757 0.09564061156593183 0.09655892083175463 0.16104960814118388 -0.40713985264301294 -1.0000000180025095e-35 0.094870641514621393 5.5000000000000009 7.5000000000000009 2.5000000000000004 0.14965113470828065 0.28066130145110096 0.097484734145524291 0.12914980227176448 0.087160675687690717 0.053407511578845109 0.16866031875562665 0.060295637982156751 0.07602236402306288 -0.86584007740020741 0.22722307636760702 25.097205839200004 0.031293677297265052 0.16104960814118388 0.044031394005699345 0.095738652688237377 0.036151795967446131 0.028294583589657505 0.042619624866185236 0.48689836057147268 0.12330547055077594 0.1270401179349667 1.0000000180025095e-35 0.026675177179654955 0.058529932896388311 0.079692064271466037 0.87509938138378407 7.5000000000000009 0.0045229820670350208 0.067120405256258342 8.5000000000000018 0.22498441580514469 0.10404755421994627 0.52199122419156663 0.09007994500520923 0.47006505454241893 0.84739672038450842 0.76803854700838103 0.42381667774324644 0.19456233520349361
decision_type=2 2 2 2 2 2 2 2 2 2 2 2 2 2 2 2 2 2 2 2 2 2 2 2 2 2 2 2 2 2 2 2 2 2 2 2 2 2 2 2 2 2 2 2 2 2 2 2 2 2 2 2 2 2 2 2 2 2 2 2 2 2
left_child=4 3 12 13 11 -4 7 31 27 -10 18 -1 25 14 26 16 17 -16 -8 20 53 22 23 44 41 -3 28 -9 29 -2 -19 -5 -33 -34 -6 38 -37 45 39 -36 -41 42 57 -29 -22 -38 -47 -48 -7 -20 51 -31 -23 -15 -32 -26 -24 -12 59 -27 -11 -28
right_child=1 2 5 6 34 48 10 8 9 60 24 -13 -14 19 15 -17 -18 30 49 -21 21 52 56 -25 55 58 61 43 -30 50 54 32 33 -35 35 36 37 -39 -40 40 -42 -43 -44 -45 -46 46 47 -49 -50 -51 -52 -53 -54 -55 -56 -57 -58 -59 -60 -61 -62 -63
leaf_value=-0.00066473493267089955 -0.0019738813543667142 0.01623196335692358 0.018737195084827976 -0.0015952256921025897 -0.0035788544738469905 0.0097175390658075702 -0.0022438872610460172 0.0062599160545287989 -0.0024650865735020492 0.0051203964662543226 0.006469107415493152 0.0091975207030773175 -0.00031404078151740718 -0.0035625583532587868 0.00731320049193117 0.0057509406631191572 0.00046032474176540801 -0.0029409230790146731 -0.0010320879885580253 0.0025054944209832279 -0.0030778124472955384 -0.0029145069291879391 0.0076312704523843426 0.011289230597197501 -0.00028739544790147282 0.0050978458864253248 0.015038456846516403 0.014497404940056136 -0.0042477334331016284 0.014404706261421811 0.0084739697533950682 0.0081370244089418366 0.00015184497854744015 0.0069032405437094964 -0.0021882871458868839 -0.0029094068364142198 -0.0040656824241918719 -0.0024505789755867461 -0.0026786451246371308 0.0013517490375528636 0.025721054033122283 0.010721831121260211 0.0016072343920451441 0.0035841589793562893 0.0058859508077148352 0.0032700755543091558 0.017318063738710452 0.0071427283580875502 -0.00053421696648001669 0.002485445608604313 0.00085895831838452951 0.0026172617546227927 0.003796809031204744 9.1508216759625906e-05 0.0020970020474518343 0.010182300323377485 -0.0011847068149816349 0.016380708913008371 9.8212897332746601e-05 0.013244771633459175 0.010214321578893326 0.0022286360152065756
leaf_weight=1635 399 28 74 194 1826 183 410 107 140 258 192 50 167 664 248 300 1264 112 307 383 66 290 32 117 205 294 21 161 185 29 60 129 455 127 260 456 23 546 4913 82 22 84 238 26 64 116 41 91 28 607 434 51 66 235 973 23 216 24 67 46 115 31
leaf_count=1635 399 28 74 194 1826 183 410 107 140 258 192 50 167 664 248 300 1264 112 307 383 66 290 32 117 205 294 21 161 185 29 60 129 455 127 260 456 23 546 4913 82 22 84 238 26 64 116 41 91 28 607 434 51 66 235 973 23 216 24 67 46 115 31
internal_value=-0.000179492 0.00197137 0.00638846 0.00158121 -0.00211045 0.0110523 0.00270887 0.00405005 0.0065027 0.0041922 0.00161027 -0.000372086 0.00418049 0.000894134 0.00147936 0.00214415 0.00173691 0.00289527 0.000205303 -0.000232695 -0.000831967 0.00104359 0.00299537 0.00605022 0.00403869 0.00590598 -0.000230008 0.0105343 -0.000591443 0.000149426 0.00193837 0.00186299 0.00280658 0.00162509 -0.00246016 -0.00214829 -0.00080036 0.000376782 -0.00247346 0.000296022 0.00650679 0.00542446 0.00444433 0.0129801 0.00133512 0.00607324 0.00701354 0.0103032 0.00835712 0.00130395 0.00179767 0.00689021 -0.00167027 -0.00260738 0.0024674 0.000768758 -4.71614e-05 0.0075704 0.00519559 0.00620008 0.00669091 0.00740183
internal_weight=20990 10929 887 10042 10061 285 3802 1712 807 513 2090 1685 602 6240 4107 2957 2657 1393 1324 2133 1750 851 495 247 766 435 1150 294 1098 913 1145 905 711 582 8376 6550 1273 817 5277 364 104 538 454 187 130 271 248 132 211 914 514 80 356 899 1033 228 248 216 407 340 373 52
internal_count=20990 10929 887 10042 10061 285 3802 1712 807 513 2090 1685 602 6240 4107 2957 2657 1393 1324 2133 1750 851 495 247 766 435 1150 294 1098 913 1145 905 711 582 8376 6550 1273 817 5277 364 104 538 454 187 130 271 248 132 211 914 514 80 356 899 1033 228 248 216 407 340 373 52
is_linear=0
shrinkage=0.05


end of trees

feature_importances:
NO_cmaq_lag72=120
NO_cmaq_lag48=108
month=102
dayofweek=88
NO_cmaq_lag6=56
NO_cmaq_roll72_std=54
NO_cmaq_lag24=53
NO_cmaq_roll72_mean=49
NO_cmaq_roll3_mean=41
NO_cmaq_lag3=34
NO_cmaq_roll24_std=34
station_emb_2=34
NO_cmaq_roll48_std=32
station_emb_3=29
station_emb_1=21
NO_cmaq_roll48_mean=17
NO_cmaq_roll6_mean=13
NO_cmaq_roll24_mean=10
station_emb_0=10
NO_cmaq_roll12_std=4
O3_cmaq=3
NO2_cmaq_lag12=3
O3_cmaq_lag6=3
hour=2
NO2_cmaq_lag72=2
NO_cmaq_lag12=2
O3_cmaq_lag72=2
NO2_cmaq=1
NO2_cmaq_lag3=1
O3_cmaq_lag3=1
O3_cmaq_lag48=1

parameters:
[boosting: gbdt]
[objective: regression]
[metric: rmse]
[tree_learner: serial]
[device_type: cuda]
[data_sample_strategy: bagging]
[data: ]
[valid: ]
[num_iterations: 2000]
[learning_rate: 0.05]
[num_leaves: 63]
[num_threads: 0]
[seed: 42]
[deterministic: 0]
[force_col_wise: 0]
[force_row_wise: 1]
[histogram_pool_size: -1]
[max_depth: -1]
[min_data_in_leaf: 20]
[min_sum_hessian_in_leaf: 0.001]
[bagging_fraction: 0.8]
[pos_bagging_fraction: 1]
[neg_bagging_fraction: 1]
[bagging_freq: 1]
[bagging_seed: 400]
[bagging_by_query: 0]
[feature_fraction: 0.9]
[feature_fraction_bynode: 1]
[feature_fraction_seed: 30056]
[extra_trees: 0]
[extra_seed: 12879]
[early_stopping_round: 0]
[early_stopping_min_delta: 0]
[first_metric_only: 0]
[max_delta_step: 0]
[lambda_l1: 0]
[lambda_l2: 0]
[linear_lambda: 0]
[min_gain_to_split: 0]
[drop_rate: 0.1]
[max_drop: 50]
[skip_drop: 0.5]
[xgboost_dart_mode: 0]
[uniform_drop: 0]
[drop_seed: 17869]
[top_rate: 0.2]
[other_rate: 0.1]
[min_data_per_group: 100]
[max_cat_threshold: 32]
[cat_l2: 10]
[cat_smooth: 10]
[max_cat_to_onehot: 4]
[top_k: 20]
[monotone_constraints: ]
[monotone_constraints_method: basic]
[monotone_penalty: 0]
[feature_contri: ]
[forcedsplits_filename: ]
[refit_decay_rate: 0.9]
[cegb_tradeoff: 1]
[cegb_penalty_split: 0]
[cegb_penalty_feature_lazy: ]
[cegb_penalty_feature_coupled: ]
[path_smooth: 0]
[interaction_constraints: ]
[verbosity: -1]
[saved_feature_importance_type: 0]
[use_quantized_grad: 0]
[num_grad_quant_bins: 4]
[quant_train_renew_leaf: 0]
[stochastic_rounding: 1]
[linear_tree: 0]
[max_bin: 255]
[max_bin_by_feature: ]
[min_data_in_bin: 3]
[bin_construct_sample_cnt: 200000]
[data_random_seed: 175]
[is_enable_sparse: 1]
[enable_bundle: 1]
[use_missing: 1]
[zero_as_missing: 0]
[feature_pre_filter: 1]
[pre_partition: 0]
[two_round: 0]
[header: 0]
[label_column: ]
[weight_column: ]
[group_column: ]
[ignore_column: ]
[categorical_feature: ]
[forcedbins_filename: ]
[precise_float_parser: 0]
[parser_config_file: ]
[objective_seed: 16083]
[num_class: 1]
[is_unbalance: 0]
[scale_pos_weight: 1]
[sigmoid: 1]
[boost_from_average: 1]
[reg_sqrt: 0]
[alpha: 0.9]
[fair_c: 1]
[poisson_max_delta_step: 0.7]
[tweedie_variance_power: 1.5]
[lambdarank_truncation_level: 30]
[lambdarank_norm: 1]
[label_gain: ]
[lambdarank_position_bias_regularization: 0]
[eval_at: ]
[multi_error_top_k: 1]
[auc_mu_weights: ]
[num_machines: 1]
[local_listen_port: 12400]
[time_out: 120]
[machine_list_filename: ]
[machines: ]
[gpu_platform_id: -1]
[gpu_device_id: -1]
[gpu_use_dp: 0]
[num_gpu: 1]

end of parameters

pandas_categorical:[]
